Title: A Self-Consistent Particle Transport Model for Synchrotron Polarization with Application to 3C 454.3
Authors: Vedula K.T., Lewis T.R., Zhang H.C.
Table: Parameter Study Results (N0dot)
================================================================================
Byte-by-byte Description of file: parameter_study_N0dot_mrt.txt
--------------------------------------------------------------------------------
 Bytes Format Units  Label     Explanations
--------------------------------------------------------------------------------
 1-12  E12.7  ---    Value   [1e+34/1e+36] Swept N0dot value, in its native unit
14-25  E12.7  Hz     Freq    [100000000.0/7.413102e+20] Frequency               
27-38  E12.7  ---    Pi      Polarization degree                                
--------------------------------------------------------------------------------
Notes:
--------------------------------------------------------------------------------
1.000000e+34 1.000000e+08 0.000000e+00
1.000000e+34 1.348963e+08 0.000000e+00
1.000000e+34 1.819701e+08 0.000000e+00
1.000000e+34 2.454709e+08 1.000000e-06
1.000000e+34 3.311311e+08 2.000000e-06
1.000000e+34 4.466836e+08 3.000000e-06
1.000000e+34 6.025596e+08 6.000000e-06
1.000000e+34 8.128305e+08 1.100000e-05
1.000000e+34 1.096478e+09 2.100000e-05
1.000000e+34 1.479108e+09 4.000000e-05
1.000000e+34 1.995262e+09 7.800000e-05
1.000000e+34 2.691535e+09 1.510000e-04
1.000000e+34 3.630781e+09 2.950000e-04
1.000000e+34 4.897788e+09 5.760000e-04
1.000000e+34 6.606934e+09 1.128000e-03
1.000000e+34 8.912509e+09 2.214000e-03
1.000000e+34 1.202264e+10 4.356000e-03
1.000000e+34 1.621810e+10 8.586000e-03
1.000000e+34 2.187762e+10 1.695700e-02
1.000000e+34 2.951209e+10 3.354900e-02
1.000000e+34 3.981072e+10 6.648500e-02
1.000000e+34 5.370318e+10 1.314070e-01
1.000000e+34 7.244360e+10 2.458780e-01
1.000000e+34 9.772372e+10 3.931950e-01
1.000000e+34 1.318257e+11 5.268500e-01
1.000000e+34 1.778279e+11 6.217830e-01
1.000000e+34 2.398833e+11 6.808760e-01
1.000000e+34 3.235937e+11 7.159550e-01
1.000000e+34 4.365158e+11 7.371340e-01
1.000000e+34 5.888437e+11 7.508640e-01
1.000000e+34 7.943282e+11 7.607750e-01
1.000000e+34 1.071519e+12 7.668910e-01
1.000000e+34 1.445440e+12 7.716220e-01
1.000000e+34 1.949845e+12 7.729260e-01
1.000000e+34 2.630268e+12 7.673270e-01
1.000000e+34 3.548134e+12 7.472430e-01
1.000000e+34 4.786301e+12 6.989700e-01
1.000000e+34 6.456542e+12 6.055220e-01
1.000000e+34 8.709636e+12 4.641500e-01
1.000000e+34 1.174898e+13 2.832190e-01
1.000000e+34 1.584893e+13 1.667050e-01
1.000000e+34 2.137962e+13 9.267000e-02
1.000000e+34 2.884032e+13 5.209900e-02
1.000000e+34 3.890451e+13 3.173600e-02
1.000000e+34 5.248075e+13 2.263800e-02
1.000000e+34 7.079458e+13 2.044000e-02
1.000000e+34 9.549926e+13 2.467500e-02
1.000000e+34 1.288250e+14 3.477700e-02
1.000000e+34 1.737801e+14 3.246900e-02
1.000000e+34 2.344229e+14 1.896400e-02
1.000000e+34 3.162278e+14 9.906000e-03
1.000000e+34 4.265795e+14 5.020000e-03
1.000000e+34 5.754399e+14 2.493000e-03
1.000000e+34 7.762471e+14 1.226000e-03
1.000000e+34 1.047129e+15 6.030000e-04
1.000000e+34 1.412538e+15 3.020000e-04
1.000000e+34 1.905461e+15 1.570000e-04
1.000000e+34 2.570396e+15 8.800000e-05
1.000000e+34 3.467369e+15 5.600000e-05
1.000000e+34 4.677351e+15 4.200000e-05
1.000000e+34 6.309573e+15 4.100000e-05
1.000000e+34 8.511380e+15 5.800000e-05
1.000000e+34 1.148154e+16 1.380000e-04
1.000000e+34 1.548817e+16 6.470000e-04
1.000000e+34 2.089296e+16 2.186000e-03
1.000000e+34 2.818383e+16 6.080000e-04
1.000000e+34 3.801894e+16 1.150000e-04
1.000000e+34 5.128614e+16 2.000000e-05
1.000000e+34 6.918310e+16 3.000000e-06
1.000000e+34 9.332543e+16 0.000000e+00
1.000000e+34 1.258925e+17 0.000000e+00
1.000000e+34 1.698244e+17 0.000000e+00
1.000000e+34 2.290868e+17 0.000000e+00
1.000000e+34 3.090295e+17 0.000000e+00
1.000000e+34 4.168694e+17 0.000000e+00
1.000000e+34 5.623413e+17 0.000000e+00
1.000000e+34 7.585776e+17 0.000000e+00
1.000000e+34 1.023293e+18 0.000000e+00
1.000000e+34 1.380384e+18 0.000000e+00
1.000000e+34 1.862087e+18 0.000000e+00
1.000000e+34 2.511886e+18 0.000000e+00
1.000000e+34 3.388442e+18 0.000000e+00
1.000000e+34 4.570882e+18 0.000000e+00
1.000000e+34 6.165950e+18 0.000000e+00
1.000000e+34 8.317638e+18 0.000000e+00
1.000000e+34 1.122018e+19 0.000000e+00
1.000000e+34 1.513561e+19 0.000000e+00
1.000000e+34 2.041738e+19 0.000000e+00
1.000000e+34 2.754229e+19 0.000000e+00
1.000000e+34 3.715352e+19 0.000000e+00
1.000000e+34 5.011872e+19 0.000000e+00
1.000000e+34 6.760830e+19 0.000000e+00
1.000000e+34 9.120108e+19 0.000000e+00
1.000000e+34 1.230269e+20 0.000000e+00
1.000000e+34 1.659587e+20 0.000000e+00
1.000000e+34 2.238721e+20 0.000000e+00
1.000000e+34 3.019952e+20 0.000000e+00
1.000000e+34 4.073803e+20 0.000000e+00
1.000000e+34 5.495409e+20 0.000000e+00
1.000000e+34 7.413102e+20 0.000000e+00
3.162280e+34 1.000000e+08 0.000000e+00
3.162280e+34 1.348963e+08 0.000000e+00
3.162280e+34 1.819701e+08 0.000000e+00
3.162280e+34 2.454709e+08 0.000000e+00
3.162280e+34 3.311311e+08 0.000000e+00
3.162280e+34 4.466836e+08 1.000000e-06
3.162280e+34 6.025596e+08 2.000000e-06
3.162280e+34 8.128305e+08 3.000000e-06
3.162280e+34 1.096478e+09 6.000000e-06
3.162280e+34 1.479108e+09 1.200000e-05
3.162280e+34 1.995262e+09 2.400000e-05
3.162280e+34 2.691535e+09 4.700000e-05
3.162280e+34 3.630781e+09 9.100000e-05
3.162280e+34 4.897788e+09 1.780000e-04
3.162280e+34 6.606934e+09 3.490000e-04
3.162280e+34 8.912509e+09 6.850000e-04
3.162280e+34 1.202264e+10 1.347000e-03
3.162280e+34 1.621810e+10 2.656000e-03
3.162280e+34 2.187762e+10 5.246000e-03
3.162280e+34 2.951209e+10 1.037900e-02
3.162280e+34 3.981072e+10 2.056800e-02
3.162280e+34 5.370318e+10 4.082300e-02
3.162280e+34 7.244360e+10 8.114700e-02
3.162280e+34 9.772372e+10 1.595980e-01
3.162280e+34 1.318257e+11 2.873820e-01
3.162280e+34 1.778279e+11 4.339060e-01
3.162280e+34 2.398833e+11 5.553430e-01
3.162280e+34 3.235937e+11 6.372180e-01
3.162280e+34 4.365158e+11 6.870990e-01
3.162280e+34 5.888437e+11 7.167800e-01
3.162280e+34 7.943282e+11 7.351080e-01
3.162280e+34 1.071519e+12 7.468340e-01
3.162280e+34 1.445440e+12 7.553510e-01
3.162280e+34 1.949845e+12 7.613960e-01
3.162280e+34 2.630268e+12 7.645350e-01
3.162280e+34 3.548134e+12 7.624450e-01
3.162280e+34 4.786301e+12 7.495620e-01
3.162280e+34 6.456542e+12 7.150940e-01
3.162280e+34 8.709636e+12 6.434320e-01
3.162280e+34 1.174898e+13 5.018990e-01
3.162280e+34 1.584893e+13 3.592330e-01
3.162280e+34 2.137962e+13 2.311260e-01
3.162280e+34 2.884032e+13 1.421060e-01
3.162280e+34 3.890451e+13 9.080700e-02
3.162280e+34 5.248075e+13 6.622400e-02
3.162280e+34 7.079458e+13 6.013000e-02
3.162280e+34 9.549926e+13 7.188100e-02
3.162280e+34 1.288250e+14 9.899100e-02
3.162280e+34 1.737801e+14 9.294800e-02
3.162280e+34 2.344229e+14 5.603600e-02
3.162280e+34 3.162278e+14 2.991500e-02
3.162280e+34 4.265795e+14 1.534100e-02
3.162280e+34 5.754399e+14 7.667000e-03
3.162280e+34 7.762471e+14 3.781000e-03
3.162280e+34 1.047129e+15 1.863000e-03
3.162280e+34 1.412538e+15 9.330000e-04
3.162280e+34 1.905461e+15 4.860000e-04
3.162280e+34 2.570396e+15 2.730000e-04
3.162280e+34 3.467369e+15 1.720000e-04
3.162280e+34 4.677351e+15 1.290000e-04
3.162280e+34 6.309573e+15 1.250000e-04
3.162280e+34 8.511380e+15 1.780000e-04
3.162280e+34 1.148154e+16 4.170000e-04
3.162280e+34 1.548817e+16 1.510000e-03
3.162280e+34 2.089296e+16 1.321000e-03
3.162280e+34 2.818383e+16 3.290000e-04
3.162280e+34 3.801894e+16 7.000000e-05
3.162280e+34 5.128614e+16 1.300000e-05
3.162280e+34 6.918310e+16 2.000000e-06
3.162280e+34 9.332543e+16 0.000000e+00
3.162280e+34 1.258925e+17 0.000000e+00
3.162280e+34 1.698244e+17 0.000000e+00
3.162280e+34 2.290868e+17 0.000000e+00
3.162280e+34 3.090295e+17 0.000000e+00
3.162280e+34 4.168694e+17 0.000000e+00
3.162280e+34 5.623413e+17 0.000000e+00
3.162280e+34 7.585776e+17 0.000000e+00
3.162280e+34 1.023293e+18 0.000000e+00
3.162280e+34 1.380384e+18 0.000000e+00
3.162280e+34 1.862087e+18 0.000000e+00
3.162280e+34 2.511886e+18 0.000000e+00
3.162280e+34 3.388442e+18 0.000000e+00
3.162280e+34 4.570882e+18 0.000000e+00
3.162280e+34 6.165950e+18 0.000000e+00
3.162280e+34 8.317638e+18 0.000000e+00
3.162280e+34 1.122018e+19 0.000000e+00
3.162280e+34 1.513561e+19 0.000000e+00
3.162280e+34 2.041738e+19 0.000000e+00
3.162280e+34 2.754229e+19 0.000000e+00
3.162280e+34 3.715352e+19 0.000000e+00
3.162280e+34 5.011872e+19 0.000000e+00
3.162280e+34 6.760830e+19 0.000000e+00
3.162280e+34 9.120108e+19 0.000000e+00
3.162280e+34 1.230269e+20 0.000000e+00
3.162280e+34 1.659587e+20 0.000000e+00
3.162280e+34 2.238721e+20 0.000000e+00
3.162280e+34 3.019952e+20 0.000000e+00
3.162280e+34 4.073803e+20 0.000000e+00
3.162280e+34 5.495409e+20 0.000000e+00
3.162280e+34 7.413102e+20 0.000000e+00
1.000000e+35 1.000000e+08 0.000000e+00
1.000000e+35 1.348963e+08 0.000000e+00
1.000000e+35 1.819701e+08 0.000000e+00
1.000000e+35 2.454709e+08 0.000000e+00
1.000000e+35 3.311311e+08 0.000000e+00
1.000000e+35 4.466836e+08 0.000000e+00
1.000000e+35 6.025596e+08 1.000000e-06
1.000000e+35 8.128305e+08 1.000000e-06
1.000000e+35 1.096478e+09 2.000000e-06
1.000000e+35 1.479108e+09 4.000000e-06
1.000000e+35 1.995262e+09 7.000000e-06
1.000000e+35 2.691535e+09 1.400000e-05
1.000000e+35 3.630781e+09 2.700000e-05
1.000000e+35 4.897788e+09 5.300000e-05
1.000000e+35 6.606934e+09 1.030000e-04
1.000000e+35 8.912509e+09 2.030000e-04
1.000000e+35 1.202264e+10 3.990000e-04
1.000000e+35 1.621810e+10 7.860000e-04
1.000000e+35 2.187762e+10 1.552000e-03
1.000000e+35 2.951209e+10 3.071000e-03
1.000000e+35 3.981072e+10 6.086000e-03
1.000000e+35 5.370318e+10 1.207900e-02
1.000000e+35 7.244360e+10 2.401500e-02
1.000000e+35 9.772372e+10 4.779800e-02
1.000000e+35 1.318257e+11 9.517800e-02
1.000000e+35 1.778279e+11 1.846660e-01
1.000000e+35 2.398833e+11 3.164960e-01
1.000000e+35 3.235937e+11 4.514110e-01
1.000000e+35 4.365158e+11 5.547340e-01
1.000000e+35 5.888437e+11 6.215490e-01
1.000000e+35 7.943282e+11 6.617190e-01
1.000000e+35 1.071519e+12 6.856310e-01
1.000000e+35 1.445440e+12 7.006840e-01
1.000000e+35 1.949845e+12 7.108290e-01
1.000000e+35 2.630268e+12 7.179650e-01
1.000000e+35 3.548134e+12 7.224280e-01
1.000000e+35 4.786301e+12 7.229410e-01
1.000000e+35 6.456542e+12 7.157940e-01
1.000000e+35 8.709636e+12 6.933890e-01
1.000000e+35 1.174898e+13 6.316570e-01
1.000000e+35 1.584893e+13 5.423990e-01
1.000000e+35 2.137962e+13 4.240010e-01
1.000000e+35 2.884032e+13 3.059850e-01
1.000000e+35 3.890451e+13 2.171260e-01
1.000000e+35 5.248075e+13 1.671830e-01
1.000000e+35 7.079458e+13 1.540030e-01
1.000000e+35 9.549926e+13 1.795430e-01
1.000000e+35 1.288250e+14 2.337630e-01
1.000000e+35 1.737801e+14 2.224110e-01
1.000000e+35 2.344229e+14 1.451680e-01
1.000000e+35 3.162278e+14 8.228000e-02
1.000000e+35 4.265795e+14 4.369200e-02
1.000000e+35 5.754399e+14 2.224900e-02
1.000000e+35 7.762471e+14 1.107700e-02
1.000000e+35 1.047129e+15 5.484000e-03
1.000000e+35 1.412538e+15 2.753000e-03
1.000000e+35 1.905461e+15 1.435000e-03
1.000000e+35 2.570396e+15 8.060000e-04
1.000000e+35 3.467369e+15 5.080000e-04
1.000000e+35 4.677351e+15 3.810000e-04
1.000000e+35 6.309573e+15 3.690000e-04
1.000000e+35 8.511380e+15 5.140000e-04
1.000000e+35 1.148154e+16 1.060000e-03
1.000000e+35 1.548817e+16 1.485000e-03
1.000000e+35 2.089296e+16 5.310000e-04
1.000000e+35 2.818383e+16 1.360000e-04
1.000000e+35 3.801894e+16 3.200000e-05
1.000000e+35 5.128614e+16 7.000000e-06
1.000000e+35 6.918310e+16 1.000000e-06
1.000000e+35 9.332543e+16 0.000000e+00
1.000000e+35 1.258925e+17 0.000000e+00
1.000000e+35 1.698244e+17 0.000000e+00
1.000000e+35 2.290868e+17 0.000000e+00
1.000000e+35 3.090295e+17 0.000000e+00
1.000000e+35 4.168694e+17 0.000000e+00
1.000000e+35 5.623413e+17 0.000000e+00
1.000000e+35 7.585776e+17 0.000000e+00
1.000000e+35 1.023293e+18 0.000000e+00
1.000000e+35 1.380384e+18 0.000000e+00
1.000000e+35 1.862087e+18 0.000000e+00
1.000000e+35 2.511886e+18 0.000000e+00
1.000000e+35 3.388442e+18 0.000000e+00
1.000000e+35 4.570882e+18 0.000000e+00
1.000000e+35 6.165950e+18 0.000000e+00
1.000000e+35 8.317638e+18 0.000000e+00
1.000000e+35 1.122018e+19 0.000000e+00
1.000000e+35 1.513561e+19 0.000000e+00
1.000000e+35 2.041738e+19 0.000000e+00
1.000000e+35 2.754229e+19 0.000000e+00
1.000000e+35 3.715352e+19 0.000000e+00
1.000000e+35 5.011872e+19 0.000000e+00
1.000000e+35 6.760830e+19 0.000000e+00
1.000000e+35 9.120108e+19 0.000000e+00
1.000000e+35 1.230269e+20 0.000000e+00
1.000000e+35 1.659587e+20 0.000000e+00
1.000000e+35 2.238721e+20 0.000000e+00
1.000000e+35 3.019952e+20 0.000000e+00
1.000000e+35 4.073803e+20 0.000000e+00
1.000000e+35 5.495409e+20 0.000000e+00
1.000000e+35 7.413102e+20 0.000000e+00
3.162280e+35 1.000000e+08 0.000000e+00
3.162280e+35 1.348963e+08 0.000000e+00
3.162280e+35 1.819701e+08 0.000000e+00
3.162280e+35 2.454709e+08 0.000000e+00
3.162280e+35 3.311311e+08 0.000000e+00
3.162280e+35 4.466836e+08 0.000000e+00
3.162280e+35 6.025596e+08 0.000000e+00
3.162280e+35 8.128305e+08 0.000000e+00
3.162280e+35 1.096478e+09 1.000000e-06
3.162280e+35 1.479108e+09 1.000000e-06
3.162280e+35 1.995262e+09 2.000000e-06
3.162280e+35 2.691535e+09 4.000000e-06
3.162280e+35 3.630781e+09 7.000000e-06
3.162280e+35 4.897788e+09 1.400000e-05
3.162280e+35 6.606934e+09 2.700000e-05
3.162280e+35 8.912509e+09 5.300000e-05
3.162280e+35 1.202264e+10 1.050000e-04
3.162280e+35 1.621810e+10 2.070000e-04
3.162280e+35 2.187762e+10 4.080000e-04
3.162280e+35 2.951209e+10 8.070000e-04
3.162280e+35 3.981072e+10 1.599000e-03
3.162280e+35 5.370318e+10 3.174000e-03
3.162280e+35 7.244360e+10 6.311000e-03
3.162280e+35 9.772372e+10 1.256100e-02
3.162280e+35 1.318257e+11 2.503400e-02
3.162280e+35 1.778279e+11 4.995100e-02
3.162280e+35 2.398833e+11 9.944000e-02
3.162280e+35 3.235937e+11 1.880500e-01
3.162280e+35 4.365158e+11 3.044070e-01
3.162280e+35 5.888437e+11 4.114800e-01
3.162280e+35 7.943282e+11 4.881760e-01
3.162280e+35 1.071519e+12 5.361260e-01
3.162280e+35 1.445440e+12 5.647460e-01
3.162280e+35 1.949845e+12 5.820510e-01
3.162280e+35 2.630268e+12 5.931040e-01
3.162280e+35 3.548134e+12 6.005930e-01
3.162280e+35 4.786301e+12 6.055540e-01
3.162280e+35 6.456542e+12 6.076490e-01
3.162280e+35 8.709636e+12 6.048950e-01
3.162280e+35 1.174898e+13 5.889610e-01
3.162280e+35 1.584893e+13 5.590770e-01
3.162280e+35 2.137962e+13 5.059070e-01
3.162280e+35 2.884032e+13 4.319070e-01
3.162280e+35 3.890451e+13 3.549560e-01
3.162280e+35 5.248075e+13 2.999130e-01
3.162280e+35 7.079458e+13 2.838280e-01
3.162280e+35 9.549926e+13 3.157810e-01
3.162280e+35 1.288250e+14 3.743600e-01
3.162280e+35 1.737801e+14 3.633750e-01
3.162280e+35 2.344229e+14 2.730360e-01
3.162280e+35 3.162278e+14 1.763530e-01
3.162280e+35 4.265795e+14 1.023840e-01
3.162280e+35 5.754399e+14 5.498100e-02
3.162280e+35 7.762471e+14 2.817400e-02
3.162280e+35 1.047129e+15 1.415400e-02
3.162280e+35 1.412538e+15 7.154000e-03
3.162280e+35 1.905461e+15 3.741000e-03
3.162280e+35 2.570396e+15 2.101000e-03
3.162280e+35 3.467369e+15 1.321000e-03
3.162280e+35 4.677351e+15 9.840000e-04
3.162280e+35 6.309573e+15 9.270000e-04
3.162280e+35 8.511380e+15 1.140000e-03
3.162280e+35 1.148154e+16 1.265000e-03
3.162280e+35 1.548817e+16 5.880000e-04
3.162280e+35 2.089296e+16 1.700000e-04
3.162280e+35 2.818383e+16 4.400000e-05
3.162280e+35 3.801894e+16 1.100000e-05
3.162280e+35 5.128614e+16 2.000000e-06
3.162280e+35 6.918310e+16 1.000000e-06
3.162280e+35 9.332543e+16 0.000000e+00
3.162280e+35 1.258925e+17 0.000000e+00
3.162280e+35 1.698244e+17 0.000000e+00
3.162280e+35 2.290868e+17 0.000000e+00
3.162280e+35 3.090295e+17 0.000000e+00
3.162280e+35 4.168694e+17 0.000000e+00
3.162280e+35 5.623413e+17 0.000000e+00
3.162280e+35 7.585776e+17 0.000000e+00
3.162280e+35 1.023293e+18 0.000000e+00
3.162280e+35 1.380384e+18 0.000000e+00
3.162280e+35 1.862087e+18 0.000000e+00
3.162280e+35 2.511886e+18 0.000000e+00
3.162280e+35 3.388442e+18 0.000000e+00
3.162280e+35 4.570882e+18 0.000000e+00
3.162280e+35 6.165950e+18 0.000000e+00
3.162280e+35 8.317638e+18 0.000000e+00
3.162280e+35 1.122018e+19 0.000000e+00
3.162280e+35 1.513561e+19 0.000000e+00
3.162280e+35 2.041738e+19 0.000000e+00
3.162280e+35 2.754229e+19 0.000000e+00
3.162280e+35 3.715352e+19 0.000000e+00
3.162280e+35 5.011872e+19 0.000000e+00
3.162280e+35 6.760830e+19 0.000000e+00
3.162280e+35 9.120108e+19 0.000000e+00
3.162280e+35 1.230269e+20 0.000000e+00
3.162280e+35 1.659587e+20 0.000000e+00
3.162280e+35 2.238721e+20 0.000000e+00
3.162280e+35 3.019952e+20 0.000000e+00
3.162280e+35 4.073803e+20 0.000000e+00
3.162280e+35 5.495409e+20 0.000000e+00
3.162280e+35 7.413102e+20 0.000000e+00
1.000000e+36 1.000000e+08 0.000000e+00
1.000000e+36 1.348963e+08 0.000000e+00
1.000000e+36 1.819701e+08 0.000000e+00
1.000000e+36 2.454709e+08 0.000000e+00
1.000000e+36 3.311311e+08 0.000000e+00
1.000000e+36 4.466836e+08 0.000000e+00
1.000000e+36 6.025596e+08 0.000000e+00
1.000000e+36 8.128305e+08 0.000000e+00
1.000000e+36 1.096478e+09 0.000000e+00
1.000000e+36 1.479108e+09 0.000000e+00
1.000000e+36 1.995262e+09 0.000000e+00
1.000000e+36 2.691535e+09 1.000000e-06
1.000000e+36 3.630781e+09 1.000000e-06
1.000000e+36 4.897788e+09 3.000000e-06
1.000000e+36 6.606934e+09 6.000000e-06
1.000000e+36 8.912509e+09 1.100000e-05
1.000000e+36 1.202264e+10 2.200000e-05
1.000000e+36 1.621810e+10 4.300000e-05
1.000000e+36 2.187762e+10 8.400000e-05
1.000000e+36 2.951209e+10 1.660000e-04
1.000000e+36 3.981072e+10 3.300000e-04
1.000000e+36 5.370318e+10 6.540000e-04
1.000000e+36 7.244360e+10 1.301000e-03
1.000000e+36 9.772372e+10 2.589000e-03
1.000000e+36 1.318257e+11 5.160000e-03
1.000000e+36 1.778279e+11 1.029500e-02
1.000000e+36 2.398833e+11 2.056600e-02
1.000000e+36 3.235937e+11 4.112100e-02
1.000000e+36 4.365158e+11 8.144400e-02
1.000000e+36 5.888437e+11 1.481130e-01
1.000000e+36 7.943282e+11 2.256970e-01
1.000000e+36 1.071519e+12 2.905450e-01
1.000000e+36 1.445440e+12 3.345000e-01
1.000000e+36 1.949845e+12 3.613550e-01
1.000000e+36 2.630268e+12 3.773230e-01
1.000000e+36 3.548134e+12 3.870780e-01
1.000000e+36 4.786301e+12 3.933650e-01
1.000000e+36 6.456542e+12 3.975130e-01
1.000000e+36 8.709636e+12 3.998200e-01
1.000000e+36 1.174898e+13 3.987700e-01
1.000000e+36 1.584893e+13 3.939460e-01
1.000000e+36 2.137962e+13 3.820330e-01
1.000000e+36 2.884032e+13 3.608900e-01
1.000000e+36 3.890451e+13 3.328230e-01
1.000000e+36 5.248075e+13 3.079870e-01
1.000000e+36 7.079458e+13 3.001500e-01
1.000000e+36 9.549926e+13 3.170470e-01
1.000000e+36 1.288250e+14 3.433450e-01
1.000000e+36 1.737801e+14 3.382960e-01
1.000000e+36 2.344229e+14 2.931530e-01
1.000000e+36 3.162278e+14 2.265010e-01
1.000000e+36 4.265795e+14 1.547430e-01
1.000000e+36 5.754399e+14 9.374900e-02
1.000000e+36 7.762471e+14 5.180400e-02
1.000000e+36 1.047129e+15 2.712700e-02
1.000000e+36 1.412538e+15 1.398700e-02
1.000000e+36 1.905461e+15 7.359000e-03
1.000000e+36 2.570396e+15 4.112000e-03
1.000000e+36 3.467369e+15 2.532000e-03
1.000000e+36 4.677351e+15 1.777000e-03
1.000000e+36 6.309573e+15 1.401000e-03
1.000000e+36 8.511380e+15 1.017000e-03
1.000000e+36 1.148154e+16 4.680000e-04
1.000000e+36 1.548817e+16 1.490000e-04
1.000000e+36 2.089296e+16 4.200000e-05
1.000000e+36 2.818383e+16 1.100000e-05
1.000000e+36 3.801894e+16 3.000000e-06
1.000000e+36 5.128614e+16 1.000000e-06
1.000000e+36 6.918310e+16 0.000000e+00
1.000000e+36 9.332543e+16 0.000000e+00
1.000000e+36 1.258925e+17 0.000000e+00
1.000000e+36 1.698244e+17 0.000000e+00
1.000000e+36 2.290868e+17 0.000000e+00
1.000000e+36 3.090295e+17 0.000000e+00
1.000000e+36 4.168694e+17 0.000000e+00
1.000000e+36 5.623413e+17 0.000000e+00
1.000000e+36 7.585776e+17 0.000000e+00
1.000000e+36 1.023293e+18 0.000000e+00
1.000000e+36 1.380384e+18 0.000000e+00
1.000000e+36 1.862087e+18 0.000000e+00
1.000000e+36 2.511886e+18 0.000000e+00
1.000000e+36 3.388442e+18 0.000000e+00
1.000000e+36 4.570882e+18 0.000000e+00
1.000000e+36 6.165950e+18 0.000000e+00
1.000000e+36 8.317638e+18 0.000000e+00
1.000000e+36 1.122018e+19 0.000000e+00
1.000000e+36 1.513561e+19 0.000000e+00
1.000000e+36 2.041738e+19 0.000000e+00
1.000000e+36 2.754229e+19 0.000000e+00
1.000000e+36 3.715352e+19 0.000000e+00
1.000000e+36 5.011872e+19 0.000000e+00
1.000000e+36 6.760830e+19 0.000000e+00
1.000000e+36 9.120108e+19 0.000000e+00
1.000000e+36 1.230269e+20 0.000000e+00
1.000000e+36 1.659587e+20 0.000000e+00
1.000000e+36 2.238721e+20 0.000000e+00
1.000000e+36 3.019952e+20 0.000000e+00
1.000000e+36 4.073803e+20 0.000000e+00
1.000000e+36 5.495409e+20 0.000000e+00
1.000000e+36 7.413102e+20 0.000000e+00
