Title: A Self-Consistent Particle Transport Model for Synchrotron Polarization with Application to 3C 454.3
Authors: Vedula K.T., Lewis T.R., Zhang H.C.
Table: Parameter Study Results (deltaD)
================================================================================
Byte-by-byte Description of file: parameter_study_deltaD_mrt.txt
--------------------------------------------------------------------------------
 Bytes Format Units  Label     Explanations
--------------------------------------------------------------------------------
 1-12  E12.7  ---    Value   [18.32/40.91] Swept deltaD value, in its native
                            unit
14-25  E12.7  Hz     Freq    [100000000.0/7.413102e+20] Frequency
27-38  E12.7  ---    Pi      Polarization degree
--------------------------------------------------------------------------------
Notes:
--------------------------------------------------------------------------------
1.833000e+01 1.000000e+08 0.000000e+00
1.833000e+01 1.348963e+08 0.000000e+00
1.833000e+01 1.819701e+08 0.000000e+00
1.833000e+01 2.454709e+08 0.000000e+00
1.833000e+01 3.311311e+08 0.000000e+00
1.833000e+01 4.466836e+08 0.000000e+00
1.833000e+01 6.025596e+08 0.000000e+00
1.833000e+01 8.128305e+08 0.000000e+00
1.833000e+01 1.096478e+09 0.000000e+00
1.833000e+01 1.479108e+09 0.000000e+00
1.833000e+01 1.995262e+09 0.000000e+00
1.833000e+01 2.691535e+09 1.000000e-06
1.833000e+01 3.630781e+09 2.000000e-06
1.833000e+01 4.897788e+09 3.000000e-06
1.833000e+01 6.606934e+09 6.000000e-06
1.833000e+01 8.912509e+09 1.200000e-05
1.833000e+01 1.202264e+10 2.300000e-05
1.833000e+01 1.621810e+10 4.600000e-05
1.833000e+01 2.187762e+10 9.000000e-05
1.833000e+01 2.951209e+10 1.780000e-04
1.833000e+01 3.981072e+10 3.510000e-04
1.833000e+01 5.370318e+10 6.950000e-04
1.833000e+01 7.244360e+10 1.377000e-03
1.833000e+01 9.772372e+10 2.731000e-03
1.833000e+01 1.318257e+11 5.423000e-03
1.833000e+01 1.778279e+11 1.078000e-02
1.833000e+01 2.398833e+11 2.145000e-02
1.833000e+01 3.235937e+11 4.271700e-02
1.833000e+01 4.365158e+11 8.395300e-02
1.833000e+01 5.888437e+11 1.498080e-01
1.833000e+01 7.943282e+11 2.231780e-01
1.833000e+01 1.071519e+12 2.807890e-01
1.833000e+01 1.445440e+12 3.179900e-01
1.833000e+01 1.949845e+12 3.374440e-01
1.833000e+01 2.630268e+12 3.431510e-01
1.833000e+01 3.548134e+12 3.358660e-01
1.833000e+01 4.786301e+12 3.128040e-01
1.833000e+01 6.456542e+12 2.705000e-01
1.833000e+01 8.709636e+12 2.114630e-01
1.833000e+01 1.174898e+13 1.371310e-01
1.833000e+01 1.584893e+13 8.928200e-02
1.833000e+01 2.137962e+13 5.644600e-02
1.833000e+01 2.884032e+13 3.674100e-02
1.833000e+01 3.890451e+13 2.625000e-02
1.833000e+01 5.248075e+13 2.220700e-02
1.833000e+01 7.079458e+13 2.399300e-02
1.833000e+01 9.549926e+13 3.469300e-02
1.833000e+01 1.288250e+14 5.795300e-02
1.833000e+01 1.737801e+14 6.703500e-02
1.833000e+01 2.344229e+14 5.237700e-02
1.833000e+01 3.162278e+14 3.756400e-02
1.833000e+01 4.265795e+14 2.657100e-02
1.833000e+01 5.754399e+14 1.876000e-02
1.833000e+01 7.762471e+14 1.338300e-02
1.833000e+01 1.047129e+15 9.776000e-03
1.833000e+01 1.412538e+15 7.445000e-03
1.833000e+01 1.905461e+15 6.055000e-03
1.833000e+01 2.570396e+15 5.451000e-03
1.833000e+01 3.467369e+15 5.659000e-03
1.833000e+01 4.677351e+15 7.182000e-03
1.833000e+01 6.309573e+15 1.199600e-02
1.833000e+01 8.511380e+15 2.890900e-02
1.833000e+01 1.148154e+16 9.546500e-02
1.833000e+01 1.548817e+16 2.060620e-01
1.833000e+01 2.089296e+16 1.724110e-01
1.833000e+01 2.818383e+16 1.063810e-01
1.833000e+01 3.801894e+16 5.688800e-02
1.833000e+01 5.128614e+16 2.698900e-02
1.833000e+01 6.918310e+16 1.159500e-02
1.833000e+01 9.332543e+16 4.588000e-03
1.833000e+01 1.258925e+17 1.699000e-03
1.833000e+01 1.698244e+17 5.850000e-04
1.833000e+01 2.290868e+17 1.860000e-04
1.833000e+01 3.090295e+17 5.500000e-05
1.833000e+01 4.168694e+17 1.500000e-05
1.833000e+01 5.623413e+17 4.000000e-06
1.833000e+01 7.585776e+17 1.000000e-06
1.833000e+01 1.023293e+18 0.000000e+00
1.833000e+01 1.380384e+18 0.000000e+00
1.833000e+01 1.862087e+18 0.000000e+00
1.833000e+01 2.511886e+18 0.000000e+00
1.833000e+01 3.388442e+18 0.000000e+00
1.833000e+01 4.570882e+18 0.000000e+00
1.833000e+01 6.165950e+18 0.000000e+00
1.833000e+01 8.317638e+18 0.000000e+00
1.833000e+01 1.122018e+19 0.000000e+00
1.833000e+01 1.513561e+19 0.000000e+00
1.833000e+01 2.041738e+19 0.000000e+00
1.833000e+01 2.754229e+19 0.000000e+00
1.833000e+01 3.715352e+19 0.000000e+00
1.833000e+01 5.011872e+19 0.000000e+00
1.833000e+01 6.760830e+19 0.000000e+00
1.833000e+01 9.120108e+19 0.000000e+00
1.833000e+01 1.230269e+20 0.000000e+00
1.833000e+01 1.659587e+20 0.000000e+00
1.833000e+01 2.238721e+20 0.000000e+00
1.833000e+01 3.019952e+20 0.000000e+00
1.833000e+01 4.073803e+20 0.000000e+00
1.833000e+01 5.495409e+20 0.000000e+00
1.833000e+01 7.413102e+20 0.000000e+00
2.240420e+01 1.000000e+08 0.000000e+00
2.240420e+01 1.348963e+08 0.000000e+00
2.240420e+01 1.819701e+08 0.000000e+00
2.240420e+01 2.454709e+08 0.000000e+00
2.240420e+01 3.311311e+08 0.000000e+00
2.240420e+01 4.466836e+08 0.000000e+00
2.240420e+01 6.025596e+08 0.000000e+00
2.240420e+01 8.128305e+08 0.000000e+00
2.240420e+01 1.096478e+09 0.000000e+00
2.240420e+01 1.479108e+09 0.000000e+00
2.240420e+01 1.995262e+09 0.000000e+00
2.240420e+01 2.691535e+09 1.000000e-06
2.240420e+01 3.630781e+09 1.000000e-06
2.240420e+01 4.897788e+09 3.000000e-06
2.240420e+01 6.606934e+09 6.000000e-06
2.240420e+01 8.912509e+09 1.100000e-05
2.240420e+01 1.202264e+10 2.200000e-05
2.240420e+01 1.621810e+10 4.200000e-05
2.240420e+01 2.187762e+10 8.300000e-05
2.240420e+01 2.951209e+10 1.650000e-04
2.240420e+01 3.981072e+10 3.250000e-04
2.240420e+01 5.370318e+10 6.430000e-04
2.240420e+01 7.244360e+10 1.275000e-03
2.240420e+01 9.772372e+10 2.531000e-03
2.240420e+01 1.318257e+11 5.027000e-03
2.240420e+01 1.778279e+11 9.999000e-03
2.240420e+01 2.398833e+11 1.990700e-02
2.240420e+01 3.235937e+11 3.967100e-02
2.240420e+01 4.365158e+11 7.825200e-02
2.240420e+01 5.888437e+11 1.414100e-01
2.240420e+01 7.943282e+11 2.139700e-01
2.240420e+01 1.071519e+12 2.733430e-01
2.240420e+01 1.445440e+12 3.127830e-01
2.240420e+01 1.949845e+12 3.355640e-01
2.240420e+01 2.630268e+12 3.468870e-01
2.240420e+01 3.548134e+12 3.496960e-01
2.240420e+01 4.786301e+12 3.438450e-01
2.240420e+01 6.456542e+12 3.262530e-01
2.240420e+01 8.709636e+12 2.925430e-01
2.240420e+01 1.174898e+13 2.308820e-01
2.240420e+01 1.584893e+13 1.736550e-01
2.240420e+01 2.137962e+13 1.220850e-01
2.240420e+01 2.884032e+13 8.456600e-02
2.240420e+01 3.890451e+13 6.202500e-02
2.240420e+01 5.248075e+13 5.243000e-02
2.240420e+01 7.079458e+13 5.527600e-02
2.240420e+01 9.549926e+13 7.560100e-02
2.240420e+01 1.288250e+14 1.153060e-01
2.240420e+01 1.737801e+14 1.276040e-01
2.240420e+01 2.344229e+14 1.016170e-01
2.240420e+01 3.162278e+14 7.393900e-02
2.240420e+01 4.265795e+14 5.224000e-02
2.240420e+01 5.754399e+14 3.634300e-02
2.240420e+01 7.762471e+14 2.526900e-02
2.240420e+01 1.047129e+15 1.783600e-02
2.240420e+01 1.412538e+15 1.303700e-02
2.240420e+01 1.905461e+15 1.011900e-02
2.240420e+01 2.570396e+15 8.652000e-03
2.240420e+01 3.467369e+15 8.495000e-03
2.240420e+01 4.677351e+15 1.014400e-02
2.240420e+01 6.309573e+15 1.581600e-02
2.240420e+01 8.511380e+15 3.466200e-02
2.240420e+01 1.148154e+16 9.174100e-02
2.240420e+01 1.548817e+16 1.274380e-01
2.240420e+01 2.089296e+16 8.127700e-02
2.240420e+01 2.818383e+16 4.181300e-02
2.240420e+01 3.801894e+16 1.933500e-02
2.240420e+01 5.128614e+16 8.204000e-03
2.240420e+01 6.918310e+16 3.229000e-03
2.240420e+01 9.332543e+16 1.184000e-03
2.240420e+01 1.258925e+17 4.050000e-04
2.240420e+01 1.698244e+17 1.310000e-04
2.240420e+01 2.290868e+17 4.000000e-05
2.240420e+01 3.090295e+17 1.100000e-05
2.240420e+01 4.168694e+17 3.000000e-06
2.240420e+01 5.623413e+17 1.000000e-06
2.240420e+01 7.585776e+17 0.000000e+00
2.240420e+01 1.023293e+18 0.000000e+00
2.240420e+01 1.380384e+18 0.000000e+00
2.240420e+01 1.862087e+18 0.000000e+00
2.240420e+01 2.511886e+18 0.000000e+00
2.240420e+01 3.388442e+18 0.000000e+00
2.240420e+01 4.570882e+18 0.000000e+00
2.240420e+01 6.165950e+18 0.000000e+00
2.240420e+01 8.317638e+18 0.000000e+00
2.240420e+01 1.122018e+19 0.000000e+00
2.240420e+01 1.513561e+19 0.000000e+00
2.240420e+01 2.041738e+19 0.000000e+00
2.240420e+01 2.754229e+19 0.000000e+00
2.240420e+01 3.715352e+19 0.000000e+00
2.240420e+01 5.011872e+19 0.000000e+00
2.240420e+01 6.760830e+19 0.000000e+00
2.240420e+01 9.120108e+19 0.000000e+00
2.240420e+01 1.230269e+20 0.000000e+00
2.240420e+01 1.659587e+20 0.000000e+00
2.240420e+01 2.238721e+20 0.000000e+00
2.240420e+01 3.019952e+20 0.000000e+00
2.240420e+01 4.073803e+20 0.000000e+00
2.240420e+01 5.495409e+20 0.000000e+00
2.240420e+01 7.413102e+20 0.000000e+00
2.738390e+01 1.000000e+08 0.000000e+00
2.738390e+01 1.348963e+08 0.000000e+00
2.738390e+01 1.819701e+08 0.000000e+00
2.738390e+01 2.454709e+08 0.000000e+00
2.738390e+01 3.311311e+08 0.000000e+00
2.738390e+01 4.466836e+08 0.000000e+00
2.738390e+01 6.025596e+08 0.000000e+00
2.738390e+01 8.128305e+08 0.000000e+00
2.738390e+01 1.096478e+09 0.000000e+00
2.738390e+01 1.479108e+09 0.000000e+00
2.738390e+01 1.995262e+09 0.000000e+00
2.738390e+01 2.691535e+09 1.000000e-06
2.738390e+01 3.630781e+09 1.000000e-06
2.738390e+01 4.897788e+09 3.000000e-06
2.738390e+01 6.606934e+09 5.000000e-06
2.738390e+01 8.912509e+09 1.000000e-05
2.738390e+01 1.202264e+10 2.000000e-05
2.738390e+01 1.621810e+10 3.900000e-05
2.738390e+01 2.187762e+10 7.600000e-05
2.738390e+01 2.951209e+10 1.510000e-04
2.738390e+01 3.981072e+10 2.980000e-04
2.738390e+01 5.370318e+10 5.910000e-04
2.738390e+01 7.244360e+10 1.171000e-03
2.738390e+01 9.772372e+10 2.325000e-03
2.738390e+01 1.318257e+11 4.622000e-03
2.738390e+01 1.778279e+11 9.199000e-03
2.738390e+01 2.398833e+11 1.832800e-02
2.738390e+01 3.235937e+11 3.655100e-02
2.738390e+01 4.365158e+11 7.235000e-02
2.738390e+01 5.888437e+11 1.324990e-01
2.738390e+01 7.943282e+11 2.040210e-01
2.738390e+01 1.071519e+12 2.644680e-01
2.738390e+01 1.445440e+12 3.054820e-01
2.738390e+01 1.949845e+12 3.300760e-01
2.738390e+01 2.630268e+12 3.438370e-01
2.738390e+01 3.548134e+12 3.507220e-01
2.738390e+01 4.786301e+12 3.523340e-01
2.738390e+01 6.456542e+12 3.479870e-01
2.738390e+01 8.709636e+12 3.347950e-01
2.738390e+01 1.174898e+13 3.017800e-01
2.738390e+01 1.584893e+13 2.599100e-01
2.738390e+01 2.137962e+13 2.087900e-01
2.738390e+01 2.884032e+13 1.601220e-01
2.738390e+01 3.890451e+13 1.243750e-01
2.738390e+01 5.248075e+13 1.065840e-01
2.738390e+01 7.079458e+13 1.092900e-01
2.738390e+01 9.549926e+13 1.383980e-01
2.738390e+01 1.288250e+14 1.878530e-01
2.738390e+01 1.737801e+14 1.988540e-01
2.738390e+01 2.344229e+14 1.639490e-01
2.738390e+01 3.162278e+14 1.230850e-01
2.738390e+01 4.265795e+14 8.786500e-02
2.738390e+01 5.754399e+14 6.050600e-02
2.738390e+01 7.762471e+14 4.091800e-02
2.738390e+01 1.047129e+15 2.770700e-02
2.738390e+01 1.412538e+15 1.922300e-02
2.738390e+01 1.905461e+15 1.404500e-02
2.738390e+01 2.570396e+15 1.122600e-02
2.738390e+01 3.467369e+15 1.023900e-02
2.738390e+01 4.677351e+15 1.127700e-02
2.738390e+01 6.309573e+15 1.600500e-02
2.738390e+01 8.511380e+15 3.044600e-02
2.738390e+01 1.148154e+16 5.708500e-02
2.738390e+01 1.548817e+16 4.845700e-02
2.738390e+01 2.089296e+16 2.405400e-02
2.738390e+01 2.818383e+16 1.049800e-02
2.738390e+01 3.801894e+16 4.257000e-03
2.738390e+01 5.128614e+16 1.617000e-03
2.738390e+01 6.918310e+16 5.760000e-04
2.738390e+01 9.332543e+16 1.930000e-04
2.738390e+01 1.258925e+17 6.000000e-05
2.738390e+01 1.698244e+17 1.800000e-05
2.738390e+01 2.290868e+17 5.000000e-06
2.738390e+01 3.090295e+17 1.000000e-06
2.738390e+01 4.168694e+17 0.000000e+00
2.738390e+01 5.623413e+17 0.000000e+00
2.738390e+01 7.585776e+17 0.000000e+00
2.738390e+01 1.023293e+18 0.000000e+00
2.738390e+01 1.380384e+18 0.000000e+00
2.738390e+01 1.862087e+18 0.000000e+00
2.738390e+01 2.511886e+18 0.000000e+00
2.738390e+01 3.388442e+18 0.000000e+00
2.738390e+01 4.570882e+18 0.000000e+00
2.738390e+01 6.165950e+18 0.000000e+00
2.738390e+01 8.317638e+18 0.000000e+00
2.738390e+01 1.122018e+19 0.000000e+00
2.738390e+01 1.513561e+19 0.000000e+00
2.738390e+01 2.041738e+19 0.000000e+00
2.738390e+01 2.754229e+19 0.000000e+00
2.738390e+01 3.715352e+19 0.000000e+00
2.738390e+01 5.011872e+19 0.000000e+00
2.738390e+01 6.760830e+19 0.000000e+00
2.738390e+01 9.120108e+19 0.000000e+00
2.738390e+01 1.230269e+20 0.000000e+00
2.738390e+01 1.659587e+20 0.000000e+00
2.738390e+01 2.238721e+20 0.000000e+00
2.738390e+01 3.019952e+20 0.000000e+00
2.738390e+01 4.073803e+20 0.000000e+00
2.738390e+01 5.495409e+20 0.000000e+00
2.738390e+01 7.413102e+20 0.000000e+00
3.347050e+01 1.000000e+08 0.000000e+00
3.347050e+01 1.348963e+08 0.000000e+00
3.347050e+01 1.819701e+08 0.000000e+00
3.347050e+01 2.454709e+08 0.000000e+00
3.347050e+01 3.311311e+08 0.000000e+00
3.347050e+01 4.466836e+08 0.000000e+00
3.347050e+01 6.025596e+08 0.000000e+00
3.347050e+01 8.128305e+08 0.000000e+00
3.347050e+01 1.096478e+09 0.000000e+00
3.347050e+01 1.479108e+09 0.000000e+00
3.347050e+01 1.995262e+09 0.000000e+00
3.347050e+01 2.691535e+09 1.000000e-06
3.347050e+01 3.630781e+09 1.000000e-06
3.347050e+01 4.897788e+09 2.000000e-06
3.347050e+01 6.606934e+09 5.000000e-06
3.347050e+01 8.912509e+09 9.000000e-06
3.347050e+01 1.202264e+10 1.800000e-05
3.347050e+01 1.621810e+10 3.500000e-05
3.347050e+01 2.187762e+10 6.900000e-05
3.347050e+01 2.951209e+10 1.370000e-04
3.347050e+01 3.981072e+10 2.710000e-04
3.347050e+01 5.370318e+10 5.380000e-04
3.347050e+01 7.244360e+10 1.067000e-03
3.347050e+01 9.772372e+10 2.120000e-03
3.347050e+01 1.318257e+11 4.218000e-03
3.347050e+01 1.778279e+11 8.401000e-03
3.347050e+01 2.398833e+11 1.675200e-02
3.347050e+01 3.235937e+11 3.343700e-02
3.347050e+01 4.365158e+11 6.639900e-02
3.347050e+01 5.888437e+11 1.232640e-01
3.347050e+01 7.943282e+11 1.934830e-01
3.347050e+01 1.071519e+12 2.547440e-01
3.347050e+01 1.445440e+12 2.971660e-01
3.347050e+01 1.949845e+12 3.231140e-01
3.347050e+01 2.630268e+12 3.382150e-01
3.347050e+01 3.548134e+12 3.468570e-01
3.347050e+01 4.786301e+12 3.514380e-01
3.347050e+01 6.456542e+12 3.526170e-01
3.347050e+01 8.709636e+12 3.494630e-01
3.347050e+01 1.174898e+13 3.362470e-01
3.347050e+01 1.584893e+13 3.149040e-01
3.347050e+01 2.137962e+13 2.813650e-01
3.347050e+01 2.884032e+13 2.398740e-01
3.347050e+01 3.890451e+13 2.012450e-01
3.347050e+01 5.248075e+13 1.776940e-01
3.347050e+01 7.079458e+13 1.778810e-01
3.347050e+01 9.549926e+13 2.074860e-01
3.347050e+01 1.288250e+14 2.520850e-01
3.347050e+01 1.737801e+14 2.580410e-01
3.347050e+01 2.344229e+14 2.209370e-01
3.347050e+01 3.162278e+14 1.721870e-01
3.347050e+01 4.265795e+14 1.248680e-01
3.347050e+01 5.754399e+14 8.513500e-02
3.347050e+01 7.762471e+14 5.565300e-02
3.347050e+01 1.047129e+15 3.572900e-02
3.347050e+01 1.412538e+15 2.316000e-02
3.347050e+01 1.905461e+15 1.563400e-02
3.347050e+01 2.570396e+15 1.143900e-02
3.347050e+01 3.467369e+15 9.465000e-03
3.347050e+01 4.677351e+15 9.344000e-03
3.347050e+01 6.309573e+15 1.156300e-02
3.347050e+01 8.511380e+15 1.729800e-02
3.347050e+01 1.148154e+16 1.943900e-02
3.347050e+01 1.548817e+16 1.064900e-02
3.347050e+01 2.089296e+16 4.344000e-03
3.347050e+01 2.818383e+16 1.636000e-03
3.347050e+01 3.801894e+16 5.800000e-04
3.347050e+01 5.128614e+16 1.940000e-04
3.347050e+01 6.918310e+16 6.100000e-05
3.347050e+01 9.332543e+16 1.800000e-05
3.347050e+01 1.258925e+17 5.000000e-06
3.347050e+01 1.698244e+17 1.000000e-06
3.347050e+01 2.290868e+17 0.000000e+00
3.347050e+01 3.090295e+17 0.000000e+00
3.347050e+01 4.168694e+17 0.000000e+00
3.347050e+01 5.623413e+17 0.000000e+00
3.347050e+01 7.585776e+17 0.000000e+00
3.347050e+01 1.023293e+18 0.000000e+00
3.347050e+01 1.380384e+18 0.000000e+00
3.347050e+01 1.862087e+18 0.000000e+00
3.347050e+01 2.511886e+18 0.000000e+00
3.347050e+01 3.388442e+18 0.000000e+00
3.347050e+01 4.570882e+18 0.000000e+00
3.347050e+01 6.165950e+18 0.000000e+00
3.347050e+01 8.317638e+18 0.000000e+00
3.347050e+01 1.122018e+19 0.000000e+00
3.347050e+01 1.513561e+19 0.000000e+00
3.347050e+01 2.041738e+19 0.000000e+00
3.347050e+01 2.754229e+19 0.000000e+00
3.347050e+01 3.715352e+19 0.000000e+00
3.347050e+01 5.011872e+19 0.000000e+00
3.347050e+01 6.760830e+19 0.000000e+00
3.347050e+01 9.120108e+19 0.000000e+00
3.347050e+01 1.230269e+20 0.000000e+00
3.347050e+01 1.659587e+20 0.000000e+00
3.347050e+01 2.238721e+20 0.000000e+00
3.347050e+01 3.019952e+20 0.000000e+00
3.347050e+01 4.073803e+20 0.000000e+00
3.347050e+01 5.495409e+20 0.000000e+00
3.347050e+01 7.413102e+20 0.000000e+00
4.091000e+01 1.000000e+08 0.000000e+00
4.091000e+01 1.348963e+08 0.000000e+00
4.091000e+01 1.819701e+08 0.000000e+00
4.091000e+01 2.454709e+08 0.000000e+00
4.091000e+01 3.311311e+08 0.000000e+00
4.091000e+01 4.466836e+08 0.000000e+00
4.091000e+01 6.025596e+08 0.000000e+00
4.091000e+01 8.128305e+08 0.000000e+00
4.091000e+01 1.096478e+09 0.000000e+00
4.091000e+01 1.479108e+09 0.000000e+00
4.091000e+01 1.995262e+09 0.000000e+00
4.091000e+01 2.691535e+09 1.000000e-06
4.091000e+01 3.630781e+09 1.000000e-06
4.091000e+01 4.897788e+09 2.000000e-06
4.091000e+01 6.606934e+09 4.000000e-06
4.091000e+01 8.912509e+09 8.000000e-06
4.091000e+01 1.202264e+10 1.600000e-05
4.091000e+01 1.621810e+10 3.200000e-05
4.091000e+01 2.187762e+10 6.300000e-05
4.091000e+01 2.951209e+10 1.240000e-04
4.091000e+01 3.981072e+10 2.450000e-04
4.091000e+01 5.370318e+10 4.860000e-04
4.091000e+01 7.244360e+10 9.660000e-04
4.091000e+01 9.772372e+10 1.920000e-03
4.091000e+01 1.318257e+11 3.823000e-03
4.091000e+01 1.778279e+11 7.621000e-03
4.091000e+01 2.398833e+11 1.521000e-02
4.091000e+01 3.235937e+11 3.038800e-02
4.091000e+01 4.365158e+11 6.051600e-02
4.091000e+01 5.888437e+11 1.138590e-01
4.091000e+01 7.943282e+11 1.824600e-01
4.091000e+01 1.071519e+12 2.443690e-01
4.091000e+01 1.445440e+12 2.881670e-01
4.091000e+01 1.949845e+12 3.153510e-01
4.091000e+01 2.630268e+12 3.314260e-01
4.091000e+01 3.548134e+12 3.409900e-01
4.091000e+01 4.786301e+12 3.468120e-01
4.091000e+01 6.456542e+12 3.501590e-01
4.091000e+01 8.709636e+12 3.511270e-01
4.091000e+01 1.174898e+13 3.473140e-01
4.091000e+01 1.584893e+13 3.386940e-01
4.091000e+01 2.137962e+13 3.216300e-01
4.091000e+01 2.884032e+13 2.954700e-01
4.091000e+01 3.890451e+13 2.652860e-01
4.091000e+01 5.248075e+13 2.425530e-01
4.091000e+01 7.079458e+13 2.392640e-01
4.091000e+01 9.549926e+13 2.612920e-01
4.091000e+01 1.288250e+14 2.929160e-01
4.091000e+01 1.737801e+14 2.935230e-01
4.091000e+01 2.344229e+14 2.582200e-01
4.091000e+01 3.162278e+14 2.066920e-01
4.091000e+01 4.265795e+14 1.507700e-01
4.091000e+01 5.754399e+14 1.004420e-01
4.091000e+01 7.762471e+14 6.232400e-02
4.091000e+01 1.047129e+15 3.710200e-02
4.091000e+01 1.412538e+15 2.191900e-02
4.091000e+01 1.905461e+15 1.330900e-02
4.091000e+01 2.570396e+15 8.658000e-03
4.091000e+01 3.467369e+15 6.284000e-03
4.091000e+01 4.677351e+15 5.316000e-03
4.091000e+01 6.309573e+15 5.309000e-03
4.091000e+01 8.511380e+15 5.369000e-03
4.091000e+01 1.148154e+16 3.454000e-03
4.091000e+01 1.548817e+16 1.381000e-03
4.091000e+01 2.089296e+16 4.720000e-04
4.091000e+01 2.818383e+16 1.510000e-04
4.091000e+01 3.801894e+16 4.600000e-05
4.091000e+01 5.128614e+16 1.300000e-05
4.091000e+01 6.918310e+16 3.000000e-06
4.091000e+01 9.332543e+16 1.000000e-06
4.091000e+01 1.258925e+17 0.000000e+00
4.091000e+01 1.698244e+17 0.000000e+00
4.091000e+01 2.290868e+17 0.000000e+00
4.091000e+01 3.090295e+17 0.000000e+00
4.091000e+01 4.168694e+17 0.000000e+00
4.091000e+01 5.623413e+17 0.000000e+00
4.091000e+01 7.585776e+17 0.000000e+00
4.091000e+01 1.023293e+18 0.000000e+00
4.091000e+01 1.380384e+18 0.000000e+00
4.091000e+01 1.862087e+18 0.000000e+00
4.091000e+01 2.511886e+18 0.000000e+00
4.091000e+01 3.388442e+18 0.000000e+00
4.091000e+01 4.570882e+18 0.000000e+00
4.091000e+01 6.165950e+18 0.000000e+00
4.091000e+01 8.317638e+18 0.000000e+00
4.091000e+01 1.122018e+19 0.000000e+00
4.091000e+01 1.513561e+19 0.000000e+00
4.091000e+01 2.041738e+19 0.000000e+00
4.091000e+01 2.754229e+19 0.000000e+00
4.091000e+01 3.715352e+19 0.000000e+00
4.091000e+01 5.011872e+19 0.000000e+00
4.091000e+01 6.760830e+19 0.000000e+00
4.091000e+01 9.120108e+19 0.000000e+00
4.091000e+01 1.230269e+20 0.000000e+00
4.091000e+01 1.659587e+20 0.000000e+00
4.091000e+01 2.238721e+20 0.000000e+00
4.091000e+01 3.019952e+20 0.000000e+00
4.091000e+01 4.073803e+20 0.000000e+00
4.091000e+01 5.495409e+20 0.000000e+00
4.091000e+01 7.413102e+20 0.000000e+00
