Title: A Self-Consistent Particle Transport Model for Synchrotron Polarization with Application to 3C 454.3
Authors: Vedula K.T., Lewis T.R., Zhang H.C.
Table: Parameter Study Results (Ldisk)
================================================================================
Byte-by-byte Description of file: parameter_study_Ldisk_mrt.txt
--------------------------------------------------------------------------------
 Bytes Format Units  Label     Explanations
--------------------------------------------------------------------------------
 1-12  E12.7  ---    Value   [2.5e+46/1.25e+47] Swept Ldisk value, in its native
                            unit
14-25  E12.7  Hz     Freq    [100000000.0/7.413102e+20] Frequency
27-38  E12.7  ---    Pi      Polarization degree
--------------------------------------------------------------------------------
Notes:
--------------------------------------------------------------------------------
2.500000e+46 1.000000e+08 0.000000e+00
2.500000e+46 1.348963e+08 0.000000e+00
2.500000e+46 1.819701e+08 0.000000e+00
2.500000e+46 2.454709e+08 0.000000e+00
2.500000e+46 3.311311e+08 0.000000e+00
2.500000e+46 4.466836e+08 0.000000e+00
2.500000e+46 6.025596e+08 0.000000e+00
2.500000e+46 8.128305e+08 0.000000e+00
2.500000e+46 1.096478e+09 0.000000e+00
2.500000e+46 1.479108e+09 0.000000e+00
2.500000e+46 1.995262e+09 0.000000e+00
2.500000e+46 2.691535e+09 1.000000e-06
2.500000e+46 3.630781e+09 1.000000e-06
2.500000e+46 4.897788e+09 2.000000e-06
2.500000e+46 6.606934e+09 4.000000e-06
2.500000e+46 8.912509e+09 7.000000e-06
2.500000e+46 1.202264e+10 1.400000e-05
2.500000e+46 1.621810e+10 2.800000e-05
2.500000e+46 2.187762e+10 5.600000e-05
2.500000e+46 2.951209e+10 1.110000e-04
2.500000e+46 3.981072e+10 2.200000e-04
2.500000e+46 5.370318e+10 4.370000e-04
2.500000e+46 7.244360e+10 8.680000e-04
2.500000e+46 9.772372e+10 1.728000e-03
2.500000e+46 1.318257e+11 3.443000e-03
2.500000e+46 1.778279e+11 6.870000e-03
2.500000e+46 2.398833e+11 1.372300e-02
2.500000e+46 3.235937e+11 2.744300e-02
2.500000e+46 4.365158e+11 5.478200e-02
2.500000e+46 5.888437e+11 1.043980e-01
2.500000e+46 7.943282e+11 1.710080e-01
2.500000e+46 1.071519e+12 2.333750e-01
2.500000e+46 1.445440e+12 2.785280e-01
2.500000e+46 1.949845e+12 3.069290e-01
2.500000e+46 2.630268e+12 3.238800e-01
2.500000e+46 3.548134e+12 3.341270e-01
2.500000e+46 4.786301e+12 3.407090e-01
2.500000e+46 6.456542e+12 3.453210e-01
2.500000e+46 8.709636e+12 3.488150e-01
2.500000e+46 1.174898e+13 3.514320e-01
2.500000e+46 1.584893e+13 3.533060e-01
2.500000e+46 2.137962e+13 3.540620e-01
2.500000e+46 2.884032e+13 3.532450e-01
2.500000e+46 3.890451e+13 3.507640e-01
2.500000e+46 5.248075e+13 3.479330e-01
2.500000e+46 7.079458e+13 3.476470e-01
2.500000e+46 9.549926e+13 3.516820e-01
2.500000e+46 1.288250e+14 3.563820e-01
2.500000e+46 1.737801e+14 3.547920e-01
2.500000e+46 2.344229e+14 3.441980e-01
2.500000e+46 3.162278e+14 3.229220e-01
2.500000e+46 4.265795e+14 2.868390e-01
2.500000e+46 5.754399e+14 2.336020e-01
2.500000e+46 7.762471e+14 1.692790e-01
2.500000e+46 1.047129e+15 1.082940e-01
2.500000e+46 1.412538e+15 6.270100e-02
2.500000e+46 1.905461e+15 3.433500e-02
2.500000e+46 2.570396e+15 1.857500e-02
2.500000e+46 3.467369e+15 1.011300e-02
2.500000e+46 4.677351e+15 5.408000e-03
2.500000e+46 6.309573e+15 2.608000e-03
2.500000e+46 8.511380e+15 1.041000e-03
2.500000e+46 1.148154e+16 3.470000e-04
2.500000e+46 1.548817e+16 1.040000e-04
2.500000e+46 2.089296e+16 2.900000e-05
2.500000e+46 2.818383e+16 8.000000e-06
2.500000e+46 3.801894e+16 2.000000e-06
2.500000e+46 5.128614e+16 0.000000e+00
2.500000e+46 6.918310e+16 0.000000e+00
2.500000e+46 9.332543e+16 0.000000e+00
2.500000e+46 1.258925e+17 0.000000e+00
2.500000e+46 1.698244e+17 0.000000e+00
2.500000e+46 2.290868e+17 0.000000e+00
2.500000e+46 3.090295e+17 0.000000e+00
2.500000e+46 4.168694e+17 0.000000e+00
2.500000e+46 5.623413e+17 0.000000e+00
2.500000e+46 7.585776e+17 0.000000e+00
2.500000e+46 1.023293e+18 0.000000e+00
2.500000e+46 1.380384e+18 0.000000e+00
2.500000e+46 1.862087e+18 0.000000e+00
2.500000e+46 2.511886e+18 0.000000e+00
2.500000e+46 3.388442e+18 0.000000e+00
2.500000e+46 4.570882e+18 0.000000e+00
2.500000e+46 6.165950e+18 0.000000e+00
2.500000e+46 8.317638e+18 0.000000e+00
2.500000e+46 1.122018e+19 0.000000e+00
2.500000e+46 1.513561e+19 0.000000e+00
2.500000e+46 2.041738e+19 0.000000e+00
2.500000e+46 2.754229e+19 0.000000e+00
2.500000e+46 3.715352e+19 0.000000e+00
2.500000e+46 5.011872e+19 0.000000e+00
2.500000e+46 6.760830e+19 0.000000e+00
2.500000e+46 9.120108e+19 0.000000e+00
2.500000e+46 1.230269e+20 0.000000e+00
2.500000e+46 1.659587e+20 0.000000e+00
2.500000e+46 2.238721e+20 0.000000e+00
2.500000e+46 3.019952e+20 0.000000e+00
2.500000e+46 4.073803e+20 0.000000e+00
2.500000e+46 5.495409e+20 0.000000e+00
2.500000e+46 7.413102e+20 0.000000e+00
5.000000e+46 1.000000e+08 0.000000e+00
5.000000e+46 1.348963e+08 0.000000e+00
5.000000e+46 1.819701e+08 0.000000e+00
5.000000e+46 2.454709e+08 0.000000e+00
5.000000e+46 3.311311e+08 0.000000e+00
5.000000e+46 4.466836e+08 0.000000e+00
5.000000e+46 6.025596e+08 0.000000e+00
5.000000e+46 8.128305e+08 0.000000e+00
5.000000e+46 1.096478e+09 0.000000e+00
5.000000e+46 1.479108e+09 0.000000e+00
5.000000e+46 1.995262e+09 0.000000e+00
5.000000e+46 2.691535e+09 1.000000e-06
5.000000e+46 3.630781e+09 1.000000e-06
5.000000e+46 4.897788e+09 2.000000e-06
5.000000e+46 6.606934e+09 4.000000e-06
5.000000e+46 8.912509e+09 7.000000e-06
5.000000e+46 1.202264e+10 1.400000e-05
5.000000e+46 1.621810e+10 2.800000e-05
5.000000e+46 2.187762e+10 5.600000e-05
5.000000e+46 2.951209e+10 1.110000e-04
5.000000e+46 3.981072e+10 2.200000e-04
5.000000e+46 5.370318e+10 4.370000e-04
5.000000e+46 7.244360e+10 8.680000e-04
5.000000e+46 9.772372e+10 1.728000e-03
5.000000e+46 1.318257e+11 3.443000e-03
5.000000e+46 1.778279e+11 6.870000e-03
5.000000e+46 2.398833e+11 1.372300e-02
5.000000e+46 3.235937e+11 2.744300e-02
5.000000e+46 4.365158e+11 5.478200e-02
5.000000e+46 5.888437e+11 1.043980e-01
5.000000e+46 7.943282e+11 1.710080e-01
5.000000e+46 1.071519e+12 2.333730e-01
5.000000e+46 1.445440e+12 2.785250e-01
5.000000e+46 1.949845e+12 3.069230e-01
5.000000e+46 2.630268e+12 3.238680e-01
5.000000e+46 3.548134e+12 3.340980e-01
5.000000e+46 4.786301e+12 3.406440e-01
5.000000e+46 6.456542e+12 3.451710e-01
5.000000e+46 8.709636e+12 3.484770e-01
5.000000e+46 1.174898e+13 3.505800e-01
5.000000e+46 1.584893e+13 3.515300e-01
5.000000e+46 2.137962e+13 3.505110e-01
5.000000e+46 2.884032e+13 3.466710e-01
5.000000e+46 3.890451e+13 3.399810e-01
5.000000e+46 5.248075e+13 3.330780e-01
5.000000e+46 7.079458e+13 3.312520e-01
5.000000e+46 9.549926e+13 3.377440e-01
5.000000e+46 1.288250e+14 3.462300e-01
5.000000e+46 1.737801e+14 3.440040e-01
5.000000e+46 2.344229e+14 3.268940e-01
5.000000e+46 3.162278e+14 2.946170e-01
5.000000e+46 4.265795e+14 2.452980e-01
5.000000e+46 5.754399e+14 1.827180e-01
5.000000e+46 7.762471e+14 1.199630e-01
5.000000e+46 1.047129e+15 7.055200e-02
5.000000e+46 1.412538e+15 3.872500e-02
5.000000e+46 1.905461e+15 2.079200e-02
5.000000e+46 2.570396e+15 1.140900e-02
5.000000e+46 3.467369e+15 6.556000e-03
5.000000e+46 4.677351e+15 3.901000e-03
5.000000e+46 6.309573e+15 2.189000e-03
5.000000e+46 8.511380e+15 9.880000e-04
5.000000e+46 1.148154e+16 3.440000e-04
5.000000e+46 1.548817e+16 1.040000e-04
5.000000e+46 2.089296e+16 2.900000e-05
5.000000e+46 2.818383e+16 8.000000e-06
5.000000e+46 3.801894e+16 2.000000e-06
5.000000e+46 5.128614e+16 0.000000e+00
5.000000e+46 6.918310e+16 0.000000e+00
5.000000e+46 9.332543e+16 0.000000e+00
5.000000e+46 1.258925e+17 0.000000e+00
5.000000e+46 1.698244e+17 0.000000e+00
5.000000e+46 2.290868e+17 0.000000e+00
5.000000e+46 3.090295e+17 0.000000e+00
5.000000e+46 4.168694e+17 0.000000e+00
5.000000e+46 5.623413e+17 0.000000e+00
5.000000e+46 7.585776e+17 0.000000e+00
5.000000e+46 1.023293e+18 0.000000e+00
5.000000e+46 1.380384e+18 0.000000e+00
5.000000e+46 1.862087e+18 0.000000e+00
5.000000e+46 2.511886e+18 0.000000e+00
5.000000e+46 3.388442e+18 0.000000e+00
5.000000e+46 4.570882e+18 0.000000e+00
5.000000e+46 6.165950e+18 0.000000e+00
5.000000e+46 8.317638e+18 0.000000e+00
5.000000e+46 1.122018e+19 0.000000e+00
5.000000e+46 1.513561e+19 0.000000e+00
5.000000e+46 2.041738e+19 0.000000e+00
5.000000e+46 2.754229e+19 0.000000e+00
5.000000e+46 3.715352e+19 0.000000e+00
5.000000e+46 5.011872e+19 0.000000e+00
5.000000e+46 6.760830e+19 0.000000e+00
5.000000e+46 9.120108e+19 0.000000e+00
5.000000e+46 1.230269e+20 0.000000e+00
5.000000e+46 1.659587e+20 0.000000e+00
5.000000e+46 2.238721e+20 0.000000e+00
5.000000e+46 3.019952e+20 0.000000e+00
5.000000e+46 4.073803e+20 0.000000e+00
5.000000e+46 5.495409e+20 0.000000e+00
5.000000e+46 7.413102e+20 0.000000e+00
7.500000e+46 1.000000e+08 0.000000e+00
7.500000e+46 1.348963e+08 0.000000e+00
7.500000e+46 1.819701e+08 0.000000e+00
7.500000e+46 2.454709e+08 0.000000e+00
7.500000e+46 3.311311e+08 0.000000e+00
7.500000e+46 4.466836e+08 0.000000e+00
7.500000e+46 6.025596e+08 0.000000e+00
7.500000e+46 8.128305e+08 0.000000e+00
7.500000e+46 1.096478e+09 0.000000e+00
7.500000e+46 1.479108e+09 0.000000e+00
7.500000e+46 1.995262e+09 0.000000e+00
7.500000e+46 2.691535e+09 1.000000e-06
7.500000e+46 3.630781e+09 1.000000e-06
7.500000e+46 4.897788e+09 2.000000e-06
7.500000e+46 6.606934e+09 4.000000e-06
7.500000e+46 8.912509e+09 7.000000e-06
7.500000e+46 1.202264e+10 1.400000e-05
7.500000e+46 1.621810e+10 2.800000e-05
7.500000e+46 2.187762e+10 5.600000e-05
7.500000e+46 2.951209e+10 1.110000e-04
7.500000e+46 3.981072e+10 2.200000e-04
7.500000e+46 5.370318e+10 4.370000e-04
7.500000e+46 7.244360e+10 8.680000e-04
7.500000e+46 9.772372e+10 1.728000e-03
7.500000e+46 1.318257e+11 3.443000e-03
7.500000e+46 1.778279e+11 6.870000e-03
7.500000e+46 2.398833e+11 1.372300e-02
7.500000e+46 3.235937e+11 2.744300e-02
7.500000e+46 4.365158e+11 5.478200e-02
7.500000e+46 5.888437e+11 1.043980e-01
7.500000e+46 7.943282e+11 1.710080e-01
7.500000e+46 1.071519e+12 2.333720e-01
7.500000e+46 1.445440e+12 2.785230e-01
7.500000e+46 1.949845e+12 3.069180e-01
7.500000e+46 2.630268e+12 3.238550e-01
7.500000e+46 3.548134e+12 3.340700e-01
7.500000e+46 4.786301e+12 3.405780e-01
7.500000e+46 6.456542e+12 3.450220e-01
7.500000e+46 8.709636e+12 3.481390e-01
7.500000e+46 1.174898e+13 3.497320e-01
7.500000e+46 1.584893e+13 3.497720e-01
7.500000e+46 2.137962e+13 3.470310e-01
7.500000e+46 2.884032e+13 3.403370e-01
7.500000e+46 3.890451e+13 3.298420e-01
7.500000e+46 5.248075e+13 3.194400e-01
7.500000e+46 7.079458e+13 3.163350e-01
7.500000e+46 9.549926e+13 3.248680e-01
7.500000e+46 1.288250e+14 3.366410e-01
7.500000e+46 1.737801e+14 3.338540e-01
7.500000e+46 2.344229e+14 3.112470e-01
7.500000e+46 3.162278e+14 2.708740e-01
7.500000e+46 4.265795e+14 2.142680e-01
7.500000e+46 5.754399e+14 1.500370e-01
7.500000e+46 7.762471e+14 9.289800e-02
7.500000e+46 1.047129e+15 5.231800e-02
7.500000e+46 1.412538e+15 2.801300e-02
7.500000e+46 1.905461e+15 1.491100e-02
7.500000e+46 2.570396e+15 8.233000e-03
7.500000e+46 3.467369e+15 4.850000e-03
7.500000e+46 4.677351e+15 3.051000e-03
7.500000e+46 6.309573e+15 1.885000e-03
7.500000e+46 8.511380e+15 9.400000e-04
7.500000e+46 1.148154e+16 3.420000e-04
7.500000e+46 1.548817e+16 1.040000e-04
7.500000e+46 2.089296e+16 2.900000e-05
7.500000e+46 2.818383e+16 8.000000e-06
7.500000e+46 3.801894e+16 2.000000e-06
7.500000e+46 5.128614e+16 0.000000e+00
7.500000e+46 6.918310e+16 0.000000e+00
7.500000e+46 9.332543e+16 0.000000e+00
7.500000e+46 1.258925e+17 0.000000e+00
7.500000e+46 1.698244e+17 0.000000e+00
7.500000e+46 2.290868e+17 0.000000e+00
7.500000e+46 3.090295e+17 0.000000e+00
7.500000e+46 4.168694e+17 0.000000e+00
7.500000e+46 5.623413e+17 0.000000e+00
7.500000e+46 7.585776e+17 0.000000e+00
7.500000e+46 1.023293e+18 0.000000e+00
7.500000e+46 1.380384e+18 0.000000e+00
7.500000e+46 1.862087e+18 0.000000e+00
7.500000e+46 2.511886e+18 0.000000e+00
7.500000e+46 3.388442e+18 0.000000e+00
7.500000e+46 4.570882e+18 0.000000e+00
7.500000e+46 6.165950e+18 0.000000e+00
7.500000e+46 8.317638e+18 0.000000e+00
7.500000e+46 1.122018e+19 0.000000e+00
7.500000e+46 1.513561e+19 0.000000e+00
7.500000e+46 2.041738e+19 0.000000e+00
7.500000e+46 2.754229e+19 0.000000e+00
7.500000e+46 3.715352e+19 0.000000e+00
7.500000e+46 5.011872e+19 0.000000e+00
7.500000e+46 6.760830e+19 0.000000e+00
7.500000e+46 9.120108e+19 0.000000e+00
7.500000e+46 1.230269e+20 0.000000e+00
7.500000e+46 1.659587e+20 0.000000e+00
7.500000e+46 2.238721e+20 0.000000e+00
7.500000e+46 3.019952e+20 0.000000e+00
7.500000e+46 4.073803e+20 0.000000e+00
7.500000e+46 5.495409e+20 0.000000e+00
7.500000e+46 7.413102e+20 0.000000e+00
1.000000e+47 1.000000e+08 0.000000e+00
1.000000e+47 1.348963e+08 0.000000e+00
1.000000e+47 1.819701e+08 0.000000e+00
1.000000e+47 2.454709e+08 0.000000e+00
1.000000e+47 3.311311e+08 0.000000e+00
1.000000e+47 4.466836e+08 0.000000e+00
1.000000e+47 6.025596e+08 0.000000e+00
1.000000e+47 8.128305e+08 0.000000e+00
1.000000e+47 1.096478e+09 0.000000e+00
1.000000e+47 1.479108e+09 0.000000e+00
1.000000e+47 1.995262e+09 0.000000e+00
1.000000e+47 2.691535e+09 1.000000e-06
1.000000e+47 3.630781e+09 1.000000e-06
1.000000e+47 4.897788e+09 2.000000e-06
1.000000e+47 6.606934e+09 4.000000e-06
1.000000e+47 8.912509e+09 7.000000e-06
1.000000e+47 1.202264e+10 1.400000e-05
1.000000e+47 1.621810e+10 2.800000e-05
1.000000e+47 2.187762e+10 5.600000e-05
1.000000e+47 2.951209e+10 1.110000e-04
1.000000e+47 3.981072e+10 2.200000e-04
1.000000e+47 5.370318e+10 4.370000e-04
1.000000e+47 7.244360e+10 8.680000e-04
1.000000e+47 9.772372e+10 1.728000e-03
1.000000e+47 1.318257e+11 3.443000e-03
1.000000e+47 1.778279e+11 6.870000e-03
1.000000e+47 2.398833e+11 1.372300e-02
1.000000e+47 3.235937e+11 2.744300e-02
1.000000e+47 4.365158e+11 5.478100e-02
1.000000e+47 5.888437e+11 1.043980e-01
1.000000e+47 7.943282e+11 1.710080e-01
1.000000e+47 1.071519e+12 2.333710e-01
1.000000e+47 1.445440e+12 2.785210e-01
1.000000e+47 1.949845e+12 3.069120e-01
1.000000e+47 2.630268e+12 3.238430e-01
1.000000e+47 3.548134e+12 3.340410e-01
1.000000e+47 4.786301e+12 3.405130e-01
1.000000e+47 6.456542e+12 3.448740e-01
1.000000e+47 8.709636e+12 3.478020e-01
1.000000e+47 1.174898e+13 3.488880e-01
1.000000e+47 1.584893e+13 3.480310e-01
1.000000e+47 2.137962e+13 3.436190e-01
1.000000e+47 2.884032e+13 3.342300e-01
1.000000e+47 3.890451e+13 3.202890e-01
1.000000e+47 5.248075e+13 3.068740e-01
1.000000e+47 7.079458e+13 3.027030e-01
1.000000e+47 9.549926e+13 3.129380e-01
1.000000e+47 1.288250e+14 3.275680e-01
1.000000e+47 1.737801e+14 3.242850e-01
1.000000e+47 2.344229e+14 2.970300e-01
1.000000e+47 3.162278e+14 2.506720e-01
1.000000e+47 4.265795e+14 1.902060e-01
1.000000e+47 5.754399e+14 1.272720e-01
1.000000e+47 7.762471e+14 7.579800e-02
1.000000e+47 1.047129e+15 4.157400e-02
1.000000e+47 1.412538e+15 2.194300e-02
1.000000e+47 1.905461e+15 1.162300e-02
1.000000e+47 2.570396e+15 6.440000e-03
1.000000e+47 3.467369e+15 3.849000e-03
1.000000e+47 4.677351e+15 2.505000e-03
1.000000e+47 6.309573e+15 1.656000e-03
1.000000e+47 8.511380e+15 8.960000e-04
1.000000e+47 1.148154e+16 3.390000e-04
1.000000e+47 1.548817e+16 1.040000e-04
1.000000e+47 2.089296e+16 2.900000e-05
1.000000e+47 2.818383e+16 8.000000e-06
1.000000e+47 3.801894e+16 2.000000e-06
1.000000e+47 5.128614e+16 0.000000e+00
1.000000e+47 6.918310e+16 0.000000e+00
1.000000e+47 9.332543e+16 0.000000e+00
1.000000e+47 1.258925e+17 0.000000e+00
1.000000e+47 1.698244e+17 0.000000e+00
1.000000e+47 2.290868e+17 0.000000e+00
1.000000e+47 3.090295e+17 0.000000e+00
1.000000e+47 4.168694e+17 0.000000e+00
1.000000e+47 5.623413e+17 0.000000e+00
1.000000e+47 7.585776e+17 0.000000e+00
1.000000e+47 1.023293e+18 0.000000e+00
1.000000e+47 1.380384e+18 0.000000e+00
1.000000e+47 1.862087e+18 0.000000e+00
1.000000e+47 2.511886e+18 0.000000e+00
1.000000e+47 3.388442e+18 0.000000e+00
1.000000e+47 4.570882e+18 0.000000e+00
1.000000e+47 6.165950e+18 0.000000e+00
1.000000e+47 8.317638e+18 0.000000e+00
1.000000e+47 1.122018e+19 0.000000e+00
1.000000e+47 1.513561e+19 0.000000e+00
1.000000e+47 2.041738e+19 0.000000e+00
1.000000e+47 2.754229e+19 0.000000e+00
1.000000e+47 3.715352e+19 0.000000e+00
1.000000e+47 5.011872e+19 0.000000e+00
1.000000e+47 6.760830e+19 0.000000e+00
1.000000e+47 9.120108e+19 0.000000e+00
1.000000e+47 1.230269e+20 0.000000e+00
1.000000e+47 1.659587e+20 0.000000e+00
1.000000e+47 2.238721e+20 0.000000e+00
1.000000e+47 3.019952e+20 0.000000e+00
1.000000e+47 4.073803e+20 0.000000e+00
1.000000e+47 5.495409e+20 0.000000e+00
1.000000e+47 7.413102e+20 0.000000e+00
1.250000e+47 1.000000e+08 0.000000e+00
1.250000e+47 1.348963e+08 0.000000e+00
1.250000e+47 1.819701e+08 0.000000e+00
1.250000e+47 2.454709e+08 0.000000e+00
1.250000e+47 3.311311e+08 0.000000e+00
1.250000e+47 4.466836e+08 0.000000e+00
1.250000e+47 6.025596e+08 0.000000e+00
1.250000e+47 8.128305e+08 0.000000e+00
1.250000e+47 1.096478e+09 0.000000e+00
1.250000e+47 1.479108e+09 0.000000e+00
1.250000e+47 1.995262e+09 0.000000e+00
1.250000e+47 2.691535e+09 1.000000e-06
1.250000e+47 3.630781e+09 1.000000e-06
1.250000e+47 4.897788e+09 2.000000e-06
1.250000e+47 6.606934e+09 4.000000e-06
1.250000e+47 8.912509e+09 7.000000e-06
1.250000e+47 1.202264e+10 1.400000e-05
1.250000e+47 1.621810e+10 2.800000e-05
1.250000e+47 2.187762e+10 5.600000e-05
1.250000e+47 2.951209e+10 1.110000e-04
1.250000e+47 3.981072e+10 2.200000e-04
1.250000e+47 5.370318e+10 4.370000e-04
1.250000e+47 7.244360e+10 8.680000e-04
1.250000e+47 9.772372e+10 1.728000e-03
1.250000e+47 1.318257e+11 3.443000e-03
1.250000e+47 1.778279e+11 6.870000e-03
1.250000e+47 2.398833e+11 1.372300e-02
1.250000e+47 3.235937e+11 2.744300e-02
1.250000e+47 4.365158e+11 5.478100e-02
1.250000e+47 5.888437e+11 1.043980e-01
1.250000e+47 7.943282e+11 1.710080e-01
1.250000e+47 1.071519e+12 2.333700e-01
1.250000e+47 1.445440e+12 2.785180e-01
1.250000e+47 1.949845e+12 3.069070e-01
1.250000e+47 2.630268e+12 3.238310e-01
1.250000e+47 3.548134e+12 3.340130e-01
1.250000e+47 4.786301e+12 3.404480e-01
1.250000e+47 6.456542e+12 3.447250e-01
1.250000e+47 8.709636e+12 3.474660e-01
1.250000e+47 1.174898e+13 3.480480e-01
1.250000e+47 1.584893e+13 3.463070e-01
1.250000e+47 2.137962e+13 3.402730e-01
1.250000e+47 2.884032e+13 3.283380e-01
1.250000e+47 3.890451e+13 3.112750e-01
1.250000e+47 5.248075e+13 2.952600e-01
1.250000e+47 7.079458e+13 2.901980e-01
1.250000e+47 9.549926e+13 3.018530e-01
1.250000e+47 1.288250e+14 3.189710e-01
1.250000e+47 1.737801e+14 3.152490e-01
1.250000e+47 2.344229e+14 2.840550e-01
1.250000e+47 3.162278e+14 2.332740e-01
1.250000e+47 4.265795e+14 1.710030e-01
1.250000e+47 5.754399e+14 1.105060e-01
1.250000e+47 7.762471e+14 6.401400e-02
1.250000e+47 1.047129e+15 3.449100e-02
1.250000e+47 1.412538e+15 1.803500e-02
1.250000e+47 1.905461e+15 9.523000e-03
1.250000e+47 2.570396e+15 5.289000e-03
1.250000e+47 3.467369e+15 3.190000e-03
1.250000e+47 4.677351e+15 2.125000e-03
1.250000e+47 6.309573e+15 1.476000e-03
1.250000e+47 8.511380e+15 8.560000e-04
1.250000e+47 1.148154e+16 3.370000e-04
1.250000e+47 1.548817e+16 1.040000e-04
1.250000e+47 2.089296e+16 2.900000e-05
1.250000e+47 2.818383e+16 8.000000e-06
1.250000e+47 3.801894e+16 2.000000e-06
1.250000e+47 5.128614e+16 0.000000e+00
1.250000e+47 6.918310e+16 0.000000e+00
1.250000e+47 9.332543e+16 0.000000e+00
1.250000e+47 1.258925e+17 0.000000e+00
1.250000e+47 1.698244e+17 0.000000e+00
1.250000e+47 2.290868e+17 0.000000e+00
1.250000e+47 3.090295e+17 0.000000e+00
1.250000e+47 4.168694e+17 0.000000e+00
1.250000e+47 5.623413e+17 0.000000e+00
1.250000e+47 7.585776e+17 0.000000e+00
1.250000e+47 1.023293e+18 0.000000e+00
1.250000e+47 1.380384e+18 0.000000e+00
1.250000e+47 1.862087e+18 0.000000e+00
1.250000e+47 2.511886e+18 0.000000e+00
1.250000e+47 3.388442e+18 0.000000e+00
1.250000e+47 4.570882e+18 0.000000e+00
1.250000e+47 6.165950e+18 0.000000e+00
1.250000e+47 8.317638e+18 0.000000e+00
1.250000e+47 1.122018e+19 0.000000e+00
1.250000e+47 1.513561e+19 0.000000e+00
1.250000e+47 2.041738e+19 0.000000e+00
1.250000e+47 2.754229e+19 0.000000e+00
1.250000e+47 3.715352e+19 0.000000e+00
1.250000e+47 5.011872e+19 0.000000e+00
1.250000e+47 6.760830e+19 0.000000e+00
1.250000e+47 9.120108e+19 0.000000e+00
1.250000e+47 1.230269e+20 0.000000e+00
1.250000e+47 1.659587e+20 0.000000e+00
1.250000e+47 2.238721e+20 0.000000e+00
1.250000e+47 3.019952e+20 0.000000e+00
1.250000e+47 4.073803e+20 0.000000e+00
1.250000e+47 5.495409e+20 0.000000e+00
1.250000e+47 7.413102e+20 0.000000e+00
