Title: A Self-Consistent Particle Transport Model for Synchrotron Polarization with Application to 3C 454.3
Authors: Vedula K.T., Lewis T.R., Zhang H.C.
Table: Parameter Study Results (a)
================================================================================
Byte-by-byte Description of file: parameter_study_a_mrt.txt
--------------------------------------------------------------------------------
 Bytes Format Units  Label     Explanations
--------------------------------------------------------------------------------
 1-13  E13.7  ---    Value   [-3.63/-2.33] Swept a value, in its native unit
15-26  E12.7  Hz     Freq    Frequency           
28-39  E12.7  ---    Pi      Polarization degree                            
--------------------------------------------------------------------------------
Notes:
--------------------------------------------------------------------------------
-3.630000e+00 1.000000e+08 0.000000e+00
-3.630000e+00 1.348963e+08 0.000000e+00
-3.630000e+00 1.819701e+08 0.000000e+00
-3.630000e+00 2.454709e+08 0.000000e+00
-3.630000e+00 3.311311e+08 0.000000e+00
-3.630000e+00 4.466836e+08 0.000000e+00
-3.630000e+00 6.025596e+08 0.000000e+00
-3.630000e+00 8.128305e+08 0.000000e+00
-3.630000e+00 1.096478e+09 0.000000e+00
-3.630000e+00 1.479108e+09 1.000000e-06
-3.630000e+00 1.995262e+09 1.000000e-06
-3.630000e+00 2.691535e+09 2.000000e-06
-3.630000e+00 3.630781e+09 4.000000e-06
-3.630000e+00 4.897788e+09 7.000000e-06
-3.630000e+00 6.606934e+09 1.400000e-05
-3.630000e+00 8.912509e+09 2.700000e-05
-3.630000e+00 1.202264e+10 5.200000e-05
-3.630000e+00 1.621810e+10 1.020000e-04
-3.630000e+00 2.187762e+10 2.000000e-04
-3.630000e+00 2.951209e+10 3.920000e-04
-3.630000e+00 3.981072e+10 7.720000e-04
-3.630000e+00 5.370318e+10 1.521000e-03
-3.630000e+00 7.244360e+10 3.003000e-03
-3.630000e+00 9.772372e+10 5.935000e-03
-3.630000e+00 1.318257e+11 1.174800e-02
-3.630000e+00 1.778279e+11 2.328300e-02
-3.630000e+00 2.398833e+11 4.620000e-02
-3.630000e+00 3.235937e+11 9.113200e-02
-3.630000e+00 4.365158e+11 1.675960e-01
-3.630000e+00 5.888437e+11 2.610440e-01
-3.630000e+00 7.943282e+11 3.427260e-01
-3.630000e+00 1.071519e+12 3.998300e-01
-3.630000e+00 1.445440e+12 4.355010e-01
-3.630000e+00 1.949845e+12 4.570610e-01
-3.630000e+00 2.630268e+12 4.704550e-01
-3.630000e+00 3.548134e+12 4.793940e-01
-3.630000e+00 4.786301e+12 4.859230e-01
-3.630000e+00 6.456542e+12 4.910550e-01
-3.630000e+00 8.709636e+12 4.951570e-01
-3.630000e+00 1.174898e+13 4.977480e-01
-3.630000e+00 1.584893e+13 4.987810e-01
-3.630000e+00 2.137962e+13 4.969290e-01
-3.630000e+00 2.884032e+13 4.910840e-01
-3.630000e+00 3.890451e+13 4.816180e-01
-3.630000e+00 5.248075e+13 4.728320e-01
-3.630000e+00 7.079458e+13 4.723540e-01
-3.630000e+00 9.549926e+13 4.841440e-01
-3.630000e+00 1.288250e+14 4.986180e-01
-3.630000e+00 1.737801e+14 4.987140e-01
-3.630000e+00 2.344229e+14 4.801780e-01
-3.630000e+00 3.162278e+14 4.432670e-01
-3.630000e+00 4.265795e+14 3.840680e-01
-3.630000e+00 5.754399e+14 3.031530e-01
-3.630000e+00 7.762471e+14 2.135450e-01
-3.630000e+00 1.047129e+15 1.349230e-01
-3.630000e+00 1.412538e+15 7.905500e-02
-3.630000e+00 1.905461e+15 4.500900e-02
-3.630000e+00 2.570396e+15 2.612600e-02
-3.630000e+00 3.467369e+15 1.593700e-02
-3.630000e+00 4.677351e+15 1.016300e-02
-3.630000e+00 6.309573e+15 6.145000e-03
-3.630000e+00 8.511380e+15 2.921000e-03
-3.630000e+00 1.148154e+16 1.036000e-03
-3.630000e+00 1.548817e+16 3.140000e-04
-3.630000e+00 2.089296e+16 8.800000e-05
-3.630000e+00 2.818383e+16 2.300000e-05
-3.630000e+00 3.801894e+16 6.000000e-06
-3.630000e+00 5.128614e+16 1.000000e-06
-3.630000e+00 6.918310e+16 0.000000e+00
-3.630000e+00 9.332543e+16 0.000000e+00
-3.630000e+00 1.258925e+17 0.000000e+00
-3.630000e+00 1.698244e+17 0.000000e+00
-3.630000e+00 2.290868e+17 0.000000e+00
-3.630000e+00 3.090295e+17 0.000000e+00
-3.630000e+00 4.168694e+17 0.000000e+00
-3.630000e+00 5.623413e+17 0.000000e+00
-3.630000e+00 7.585776e+17 0.000000e+00
-3.630000e+00 1.023293e+18 0.000000e+00
-3.630000e+00 1.380384e+18 0.000000e+00
-3.630000e+00 1.862087e+18 0.000000e+00
-3.630000e+00 2.511886e+18 0.000000e+00
-3.630000e+00 3.388442e+18 0.000000e+00
-3.630000e+00 4.570882e+18 0.000000e+00
-3.630000e+00 6.165950e+18 0.000000e+00
-3.630000e+00 8.317638e+18 0.000000e+00
-3.630000e+00 1.122018e+19 0.000000e+00
-3.630000e+00 1.513561e+19 0.000000e+00
-3.630000e+00 2.041738e+19 0.000000e+00
-3.630000e+00 2.754229e+19 0.000000e+00
-3.630000e+00 3.715352e+19 0.000000e+00
-3.630000e+00 5.011872e+19 0.000000e+00
-3.630000e+00 6.760830e+19 0.000000e+00
-3.630000e+00 9.120108e+19 0.000000e+00
-3.630000e+00 1.230269e+20 0.000000e+00
-3.630000e+00 1.659587e+20 0.000000e+00
-3.630000e+00 2.238721e+20 0.000000e+00
-3.630000e+00 3.019952e+20 0.000000e+00
-3.630000e+00 4.073803e+20 0.000000e+00
-3.630000e+00 5.495409e+20 0.000000e+00
-3.630000e+00 7.413102e+20 0.000000e+00
-3.305000e+00 1.000000e+08 0.000000e+00
-3.305000e+00 1.348963e+08 0.000000e+00
-3.305000e+00 1.819701e+08 0.000000e+00
-3.305000e+00 2.454709e+08 0.000000e+00
-3.305000e+00 3.311311e+08 0.000000e+00
-3.305000e+00 4.466836e+08 0.000000e+00
-3.305000e+00 6.025596e+08 0.000000e+00
-3.305000e+00 8.128305e+08 1.000000e-06
-3.305000e+00 1.096478e+09 1.000000e-06
-3.305000e+00 1.479108e+09 2.000000e-06
-3.305000e+00 1.995262e+09 4.000000e-06
-3.305000e+00 2.691535e+09 8.000000e-06
-3.305000e+00 3.630781e+09 1.600000e-05
-3.305000e+00 4.897788e+09 3.100000e-05
-3.305000e+00 6.606934e+09 6.000000e-05
-3.305000e+00 8.912509e+09 1.150000e-04
-3.305000e+00 1.202264e+10 2.230000e-04
-3.305000e+00 1.621810e+10 4.310000e-04
-3.305000e+00 2.187762e+10 8.370000e-04
-3.305000e+00 2.951209e+10 1.628000e-03
-3.305000e+00 3.981072e+10 3.173000e-03
-3.305000e+00 5.370318e+10 6.192000e-03
-3.305000e+00 7.244360e+10 1.210800e-02
-3.305000e+00 9.772372e+10 2.370500e-02
-3.305000e+00 1.318257e+11 4.647700e-02
-3.305000e+00 1.778279e+11 9.106600e-02
-3.305000e+00 2.398833e+11 1.720130e-01
-3.305000e+00 3.235937e+11 2.843300e-01
-3.305000e+00 4.365158e+11 3.947210e-01
-3.305000e+00 5.888437e+11 4.783860e-01
-3.305000e+00 7.943282e+11 5.331260e-01
-3.305000e+00 1.071519e+12 5.669020e-01
-3.305000e+00 1.445440e+12 5.879370e-01
-3.305000e+00 1.949845e+12 6.018330e-01
-3.305000e+00 2.630268e+12 6.118830e-01
-3.305000e+00 3.548134e+12 6.198880e-01
-3.305000e+00 4.786301e+12 6.267670e-01
-3.305000e+00 6.456542e+12 6.329360e-01
-3.305000e+00 8.709636e+12 6.384960e-01
-3.305000e+00 1.174898e+13 6.430190e-01
-3.305000e+00 1.584893e+13 6.464980e-01
-3.305000e+00 2.137962e+13 6.480470e-01
-3.305000e+00 2.884032e+13 6.470070e-01
-3.305000e+00 3.890451e+13 6.437180e-01
-3.305000e+00 5.248075e+13 6.411340e-01
-3.305000e+00 7.079458e+13 6.443260e-01
-3.305000e+00 9.549926e+13 6.553840e-01
-3.305000e+00 1.288250e+14 6.674440e-01
-3.305000e+00 1.737801e+14 6.705120e-01
-3.305000e+00 2.344229e+14 6.627550e-01
-3.305000e+00 3.162278e+14 6.436640e-01
-3.305000e+00 4.265795e+14 6.077240e-01
-3.305000e+00 5.754399e+14 5.470700e-01
-3.305000e+00 7.762471e+14 4.578730e-01
-3.305000e+00 1.047129e+15 3.487130e-01
-3.305000e+00 1.412538e+15 2.413660e-01
-3.305000e+00 1.905461e+15 1.559600e-01
-3.305000e+00 2.570396e+15 9.849100e-02
-3.305000e+00 3.467369e+15 6.285300e-02
-3.305000e+00 4.677351e+15 4.008600e-02
-3.305000e+00 6.309573e+15 2.299200e-02
-3.305000e+00 8.511380e+15 1.021000e-02
-3.305000e+00 1.148154e+16 3.524000e-03
-3.305000e+00 1.548817e+16 1.066000e-03
-3.305000e+00 2.089296e+16 3.000000e-04
-3.305000e+00 2.818383e+16 7.900000e-05
-3.305000e+00 3.801894e+16 2.000000e-05
-3.305000e+00 5.128614e+16 5.000000e-06
-3.305000e+00 6.918310e+16 1.000000e-06
-3.305000e+00 9.332543e+16 0.000000e+00
-3.305000e+00 1.258925e+17 0.000000e+00
-3.305000e+00 1.698244e+17 0.000000e+00
-3.305000e+00 2.290868e+17 0.000000e+00
-3.305000e+00 3.090295e+17 0.000000e+00
-3.305000e+00 4.168694e+17 0.000000e+00
-3.305000e+00 5.623413e+17 0.000000e+00
-3.305000e+00 7.585776e+17 0.000000e+00
-3.305000e+00 1.023293e+18 0.000000e+00
-3.305000e+00 1.380384e+18 0.000000e+00
-3.305000e+00 1.862087e+18 0.000000e+00
-3.305000e+00 2.511886e+18 0.000000e+00
-3.305000e+00 3.388442e+18 0.000000e+00
-3.305000e+00 4.570882e+18 0.000000e+00
-3.305000e+00 6.165950e+18 0.000000e+00
-3.305000e+00 8.317638e+18 0.000000e+00
-3.305000e+00 1.122018e+19 0.000000e+00
-3.305000e+00 1.513561e+19 0.000000e+00
-3.305000e+00 2.041738e+19 0.000000e+00
-3.305000e+00 2.754229e+19 0.000000e+00
-3.305000e+00 3.715352e+19 0.000000e+00
-3.305000e+00 5.011872e+19 0.000000e+00
-3.305000e+00 6.760830e+19 0.000000e+00
-3.305000e+00 9.120108e+19 0.000000e+00
-3.305000e+00 1.230269e+20 0.000000e+00
-3.305000e+00 1.659587e+20 0.000000e+00
-3.305000e+00 2.238721e+20 0.000000e+00
-3.305000e+00 3.019952e+20 0.000000e+00
-3.305000e+00 4.073803e+20 0.000000e+00
-3.305000e+00 5.495409e+20 0.000000e+00
-3.305000e+00 7.413102e+20 0.000000e+00
-2.980000e+00 1.000000e+08 0.000000e+00
-2.980000e+00 1.348963e+08 0.000000e+00
-2.980000e+00 1.819701e+08 0.000000e+00
-2.980000e+00 2.454709e+08 0.000000e+00
-2.980000e+00 3.311311e+08 1.000000e-06
-2.980000e+00 4.466836e+08 1.000000e-06
-2.980000e+00 6.025596e+08 2.000000e-06
-2.980000e+00 8.128305e+08 3.000000e-06
-2.980000e+00 1.096478e+09 6.000000e-06
-2.980000e+00 1.479108e+09 1.200000e-05
-2.980000e+00 1.995262e+09 2.200000e-05
-2.980000e+00 2.691535e+09 4.100000e-05
-2.980000e+00 3.630781e+09 7.800000e-05
-2.980000e+00 4.897788e+09 1.490000e-04
-2.980000e+00 6.606934e+09 2.830000e-04
-2.980000e+00 8.912509e+09 5.390000e-04
-2.980000e+00 1.202264e+10 1.031000e-03
-2.980000e+00 1.621810e+10 1.973000e-03
-2.980000e+00 2.187762e+10 3.785000e-03
-2.980000e+00 2.951209e+10 7.273000e-03
-2.980000e+00 3.981072e+10 1.400100e-02
-2.980000e+00 5.370318e+10 2.699300e-02
-2.980000e+00 7.244360e+10 5.213500e-02
-2.980000e+00 9.772372e+10 1.006060e-01
-2.980000e+00 1.318257e+11 1.874590e-01
-2.980000e+00 1.778279e+11 3.078920e-01
-2.980000e+00 2.398833e+11 4.278850e-01
-2.980000e+00 3.235937e+11 5.207180e-01
-2.980000e+00 4.365158e+11 5.827810e-01
-2.980000e+00 5.888437e+11 6.218900e-01
-2.980000e+00 7.943282e+11 6.466840e-01
-2.980000e+00 1.071519e+12 6.632990e-01
-2.980000e+00 1.445440e+12 6.754760e-01
-2.980000e+00 1.949845e+12 6.852880e-01
-2.980000e+00 2.630268e+12 6.938440e-01
-2.980000e+00 3.548134e+12 7.017130e-01
-2.980000e+00 4.786301e+12 7.091590e-01
-2.980000e+00 6.456542e+12 7.162630e-01
-2.980000e+00 8.709636e+12 7.229770e-01
-2.980000e+00 1.174898e+13 7.289060e-01
-2.980000e+00 1.584893e+13 7.340630e-01
-2.980000e+00 2.137962e+13 7.378160e-01
-2.980000e+00 2.884032e+13 7.397710e-01
-2.980000e+00 3.890451e+13 7.402900e-01
-2.980000e+00 5.248075e+13 7.415290e-01
-2.980000e+00 7.079458e+13 7.468890e-01
-2.980000e+00 9.549926e+13 7.573580e-01
-2.980000e+00 1.288250e+14 7.680130e-01
-2.980000e+00 1.737801e+14 7.727690e-01
-2.980000e+00 2.344229e+14 7.710860e-01
-2.980000e+00 3.162278e+14 7.630020e-01
-2.980000e+00 4.265795e+14 7.451210e-01
-2.980000e+00 5.754399e+14 7.111650e-01
-2.980000e+00 7.762471e+14 6.534600e-01
-2.980000e+00 1.047129e+15 5.671190e-01
-2.980000e+00 1.412538e+15 4.578420e-01
-2.980000e+00 1.905461e+15 3.443160e-01
-2.980000e+00 2.570396e+15 2.475970e-01
-2.980000e+00 3.467369e+15 1.754790e-01
-2.980000e+00 4.677351e+15 1.219630e-01
-2.980000e+00 6.309573e+15 7.501300e-02
-2.980000e+00 8.511380e+15 3.485500e-02
-2.980000e+00 1.148154e+16 1.229400e-02
-2.980000e+00 1.548817e+16 3.758000e-03
-2.980000e+00 2.089296e+16 1.064000e-03
-2.980000e+00 2.818383e+16 2.840000e-04
-2.980000e+00 3.801894e+16 7.200000e-05
-2.980000e+00 5.128614e+16 1.700000e-05
-2.980000e+00 6.918310e+16 4.000000e-06
-2.980000e+00 9.332543e+16 1.000000e-06
-2.980000e+00 1.258925e+17 0.000000e+00
-2.980000e+00 1.698244e+17 0.000000e+00
-2.980000e+00 2.290868e+17 0.000000e+00
-2.980000e+00 3.090295e+17 0.000000e+00
-2.980000e+00 4.168694e+17 0.000000e+00
-2.980000e+00 5.623413e+17 0.000000e+00
-2.980000e+00 7.585776e+17 0.000000e+00
-2.980000e+00 1.023293e+18 0.000000e+00
-2.980000e+00 1.380384e+18 0.000000e+00
-2.980000e+00 1.862087e+18 0.000000e+00
-2.980000e+00 2.511886e+18 0.000000e+00
-2.980000e+00 3.388442e+18 0.000000e+00
-2.980000e+00 4.570882e+18 0.000000e+00
-2.980000e+00 6.165950e+18 0.000000e+00
-2.980000e+00 8.317638e+18 0.000000e+00
-2.980000e+00 1.122018e+19 0.000000e+00
-2.980000e+00 1.513561e+19 0.000000e+00
-2.980000e+00 2.041738e+19 0.000000e+00
-2.980000e+00 2.754229e+19 0.000000e+00
-2.980000e+00 3.715352e+19 0.000000e+00
-2.980000e+00 5.011872e+19 0.000000e+00
-2.980000e+00 6.760830e+19 0.000000e+00
-2.980000e+00 9.120108e+19 0.000000e+00
-2.980000e+00 1.230269e+20 0.000000e+00
-2.980000e+00 1.659587e+20 0.000000e+00
-2.980000e+00 2.238721e+20 0.000000e+00
-2.980000e+00 3.019952e+20 0.000000e+00
-2.980000e+00 4.073803e+20 0.000000e+00
-2.980000e+00 5.495409e+20 0.000000e+00
-2.980000e+00 7.413102e+20 0.000000e+00
-2.655000e+00 1.000000e+08 0.000000e+00
-2.655000e+00 1.348963e+08 1.000000e-06
-2.655000e+00 1.819701e+08 1.000000e-06
-2.655000e+00 2.454709e+08 2.000000e-06
-2.655000e+00 3.311311e+08 3.000000e-06
-2.655000e+00 4.466836e+08 6.000000e-06
-2.655000e+00 6.025596e+08 1.000000e-05
-2.655000e+00 8.128305e+08 1.900000e-05
-2.655000e+00 1.096478e+09 3.400000e-05
-2.655000e+00 1.479108e+09 6.400000e-05
-2.655000e+00 1.995262e+09 1.180000e-04
-2.655000e+00 2.691535e+09 2.200000e-04
-2.655000e+00 3.630781e+09 4.100000e-04
-2.655000e+00 4.897788e+09 7.670000e-04
-2.655000e+00 6.606934e+09 1.439000e-03
-2.655000e+00 8.912509e+09 2.707000e-03
-2.655000e+00 1.202264e+10 5.100000e-03
-2.655000e+00 1.621810e+10 9.626000e-03
-2.655000e+00 2.187762e+10 1.820100e-02
-2.655000e+00 2.951209e+10 3.447100e-02
-2.655000e+00 3.981072e+10 6.537700e-02
-2.655000e+00 5.370318e+10 1.234230e-01
-2.655000e+00 7.244360e+10 2.203990e-01
-2.655000e+00 9.772372e+10 3.424620e-01
-2.655000e+00 1.318257e+11 4.560630e-01
-2.655000e+00 1.778279e+11 5.414050e-01
-2.655000e+00 2.398833e+11 5.984290e-01
-2.655000e+00 3.235937e+11 6.350020e-01
-2.655000e+00 4.365158e+11 6.588530e-01
-2.655000e+00 5.888437e+11 6.754290e-01
-2.655000e+00 7.943282e+11 6.880200e-01
-2.655000e+00 1.071519e+12 6.984840e-01
-2.655000e+00 1.445440e+12 7.078440e-01
-2.655000e+00 1.949845e+12 7.166270e-01
-2.655000e+00 2.630268e+12 7.250920e-01
-2.655000e+00 3.548134e+12 7.333560e-01
-2.655000e+00 4.786301e+12 7.414410e-01
-2.655000e+00 6.456542e+12 7.493110e-01
-2.655000e+00 8.709636e+12 7.568680e-01
-2.655000e+00 1.174898e+13 7.637580e-01
-2.655000e+00 1.584893e+13 7.700170e-01
-2.655000e+00 2.137962e+13 7.751680e-01
-2.655000e+00 2.884032e+13 7.789750e-01
-2.655000e+00 3.890451e+13 7.818070e-01
-2.655000e+00 5.248075e+13 7.853190e-01
-2.655000e+00 7.079458e+13 7.918830e-01
-2.655000e+00 9.549926e+13 8.018780e-01
-2.655000e+00 1.288250e+14 8.116270e-01
-2.655000e+00 1.737801e+14 8.172030e-01
-2.655000e+00 2.344229e+14 8.186510e-01
-2.655000e+00 3.162278e+14 8.163350e-01
-2.655000e+00 4.265795e+14 8.084480e-01
-2.655000e+00 5.754399e+14 7.913070e-01
-2.655000e+00 7.762471e+14 7.595370e-01
-2.655000e+00 1.047129e+15 7.070080e-01
-2.655000e+00 1.412538e+15 6.306640e-01
-2.655000e+00 1.905461e+15 5.360660e-01
-2.655000e+00 2.570396e+15 4.389670e-01
-2.655000e+00 3.467369e+15 3.540180e-01
-2.655000e+00 4.677351e+15 2.824710e-01
-2.655000e+00 6.309573e+15 2.047930e-01
-2.655000e+00 8.511380e+15 1.113070e-01
-2.655000e+00 1.148154e+16 4.280200e-02
-2.655000e+00 1.548817e+16 1.354700e-02
-2.655000e+00 2.089296e+16 3.903000e-03
-2.655000e+00 2.818383e+16 1.057000e-03
-2.655000e+00 3.801894e+16 2.700000e-04
-2.655000e+00 5.128614e+16 6.500000e-05
-2.655000e+00 6.918310e+16 1.500000e-05
-2.655000e+00 9.332543e+16 3.000000e-06
-2.655000e+00 1.258925e+17 1.000000e-06
-2.655000e+00 1.698244e+17 0.000000e+00
-2.655000e+00 2.290868e+17 0.000000e+00
-2.655000e+00 3.090295e+17 0.000000e+00
-2.655000e+00 4.168694e+17 0.000000e+00
-2.655000e+00 5.623413e+17 0.000000e+00
-2.655000e+00 7.585776e+17 0.000000e+00
-2.655000e+00 1.023293e+18 0.000000e+00
-2.655000e+00 1.380384e+18 0.000000e+00
-2.655000e+00 1.862087e+18 0.000000e+00
-2.655000e+00 2.511886e+18 0.000000e+00
-2.655000e+00 3.388442e+18 0.000000e+00
-2.655000e+00 4.570882e+18 0.000000e+00
-2.655000e+00 6.165950e+18 0.000000e+00
-2.655000e+00 8.317638e+18 0.000000e+00
-2.655000e+00 1.122018e+19 0.000000e+00
-2.655000e+00 1.513561e+19 0.000000e+00
-2.655000e+00 2.041738e+19 0.000000e+00
-2.655000e+00 2.754229e+19 0.000000e+00
-2.655000e+00 3.715352e+19 0.000000e+00
-2.655000e+00 5.011872e+19 0.000000e+00
-2.655000e+00 6.760830e+19 0.000000e+00
-2.655000e+00 9.120108e+19 0.000000e+00
-2.655000e+00 1.230269e+20 0.000000e+00
-2.655000e+00 1.659587e+20 0.000000e+00
-2.655000e+00 2.238721e+20 0.000000e+00
-2.655000e+00 3.019952e+20 0.000000e+00
-2.655000e+00 4.073803e+20 0.000000e+00
-2.655000e+00 5.495409e+20 0.000000e+00
-2.655000e+00 7.413102e+20 0.000000e+00
-2.330000e+00 1.000000e+08 1.000000e-06
-2.330000e+00 1.348963e+08 4.000000e-06
-2.330000e+00 1.819701e+08 6.000000e-06
-2.330000e+00 2.454709e+08 1.100000e-05
-2.330000e+00 3.311311e+08 2.000000e-05
-2.330000e+00 4.466836e+08 3.500000e-05
-2.330000e+00 6.025596e+08 6.300000e-05
-2.330000e+00 8.128305e+08 1.140000e-04
-2.330000e+00 1.096478e+09 2.070000e-04
-2.330000e+00 1.479108e+09 3.770000e-04
-2.330000e+00 1.995262e+09 6.890000e-04
-2.330000e+00 2.691535e+09 1.264000e-03
-2.330000e+00 3.630781e+09 2.325000e-03
-2.330000e+00 4.897788e+09 4.283000e-03
-2.330000e+00 6.606934e+09 7.910000e-03
-2.330000e+00 8.912509e+09 1.463500e-02
-2.330000e+00 1.202264e+10 2.712600e-02
-2.330000e+00 1.621810e+10 5.035500e-02
-2.330000e+00 2.187762e+10 9.348600e-02
-2.330000e+00 2.951209e+10 1.692600e-01
-2.330000e+00 3.981072e+10 2.772470e-01
-2.330000e+00 5.370318e+10 3.918050e-01
-2.330000e+00 7.244360e+10 4.869990e-01
-2.330000e+00 9.772372e+10 5.548740e-01
-2.330000e+00 1.318257e+11 5.999590e-01
-2.330000e+00 1.778279e+11 6.295890e-01
-2.330000e+00 2.398833e+11 6.498290e-01
-2.330000e+00 3.235937e+11 6.647030e-01
-2.330000e+00 4.365158e+11 6.766020e-01
-2.330000e+00 5.888437e+11 6.869590e-01
-2.330000e+00 7.943282e+11 6.965420e-01
-2.330000e+00 1.071519e+12 7.057500e-01
-2.330000e+00 1.445440e+12 7.147960e-01
-2.330000e+00 1.949845e+12 7.237650e-01
-2.330000e+00 2.630268e+12 7.326780e-01
-2.330000e+00 3.548134e+12 7.415190e-01
-2.330000e+00 4.786301e+12 7.502420e-01
-2.330000e+00 6.456542e+12 7.587740e-01
-2.330000e+00 8.709636e+12 7.670100e-01
-2.330000e+00 1.174898e+13 7.746230e-01
-2.330000e+00 1.584893e+13 7.816790e-01
-2.330000e+00 2.137962e+13 7.877890e-01
-2.330000e+00 2.884032e+13 7.928160e-01
-2.330000e+00 3.890451e+13 7.971290e-01
-2.330000e+00 5.248075e+13 8.020760e-01
-2.330000e+00 7.079458e+13 8.093970e-01
-2.330000e+00 9.549926e+13 8.191280e-01
-2.330000e+00 1.288250e+14 8.283600e-01
-2.330000e+00 1.737801e+14 8.343850e-01
-2.330000e+00 2.344229e+14 8.375070e-01
-2.330000e+00 3.162278e+14 8.382020e-01
-2.330000e+00 4.265795e+14 8.355190e-01
-2.330000e+00 5.754399e+14 8.273830e-01
-2.330000e+00 7.762471e+14 8.106350e-01
-2.330000e+00 1.047129e+15 7.811600e-01
-2.330000e+00 1.412538e+15 7.353980e-01
-2.330000e+00 1.905461e+15 6.736580e-01
-2.330000e+00 2.570396e+15 6.040580e-01
-2.330000e+00 3.467369e+15 5.390850e-01
-2.330000e+00 4.677351e+15 4.853230e-01
-2.330000e+00 6.309573e+15 4.214250e-01
-2.330000e+00 8.511380e+15 2.953450e-01
-2.330000e+00 1.148154e+16 1.395890e-01
-2.330000e+00 1.548817e+16 4.876000e-02
-2.330000e+00 2.089296e+16 1.466000e-02
-2.330000e+00 2.818383e+16 4.064000e-03
-2.330000e+00 3.801894e+16 1.057000e-03
-2.330000e+00 5.128614e+16 2.600000e-04
-2.330000e+00 6.918310e+16 6.100000e-05
-2.330000e+00 9.332543e+16 1.400000e-05
-2.330000e+00 1.258925e+17 3.000000e-06
-2.330000e+00 1.698244e+17 1.000000e-06
-2.330000e+00 2.290868e+17 0.000000e+00
-2.330000e+00 3.090295e+17 0.000000e+00
-2.330000e+00 4.168694e+17 0.000000e+00
-2.330000e+00 5.623413e+17 0.000000e+00
-2.330000e+00 7.585776e+17 0.000000e+00
-2.330000e+00 1.023293e+18 0.000000e+00
-2.330000e+00 1.380384e+18 0.000000e+00
-2.330000e+00 1.862087e+18 0.000000e+00
-2.330000e+00 2.511886e+18 0.000000e+00
-2.330000e+00 3.388442e+18 0.000000e+00
-2.330000e+00 4.570882e+18 0.000000e+00
-2.330000e+00 6.165950e+18 0.000000e+00
-2.330000e+00 8.317638e+18 0.000000e+00
-2.330000e+00 1.122018e+19 0.000000e+00
-2.330000e+00 1.513561e+19 0.000000e+00
-2.330000e+00 2.041738e+19 0.000000e+00
-2.330000e+00 2.754229e+19 0.000000e+00
-2.330000e+00 3.715352e+19 0.000000e+00
-2.330000e+00 5.011872e+19 0.000000e+00
-2.330000e+00 6.760830e+19 0.000000e+00
-2.330000e+00 9.120108e+19 0.000000e+00
-2.330000e+00 1.230269e+20 0.000000e+00
-2.330000e+00 1.659587e+20 0.000000e+00
-2.330000e+00 2.238721e+20 0.000000e+00
-2.330000e+00 3.019952e+20 0.000000e+00
-2.330000e+00 4.073803e+20 0.000000e+00
-2.330000e+00 5.495409e+20 0.000000e+00
-2.330000e+00 7.413102e+20 0.000000e+00
