Title: A Self-Consistent Particle Transport Model for Synchrotron Polarization with Application to 3C 454.3
Authors: Vedula K.T., Lewis T.R., Zhang H.C.
Table: Parameter Study Results (B)
================================================================================
Byte-by-byte Description of file: parameter_study_B_mrt.txt
--------------------------------------------------------------------------------
 Bytes Format Units  Label     Explanations
--------------------------------------------------------------------------------
 1-12  E12.7  ---    Value   [0.96/2.39] Swept B value, in its native unit
14-25  E12.7  Hz     Freq    [100000000.0/7.413102e+20] Frequency         
27-38  E12.7  ---    Pi      Polarization degree                          
--------------------------------------------------------------------------------
Notes:
--------------------------------------------------------------------------------
9.600000e-01 1.000000e+08 0.000000e+00
9.600000e-01 1.348963e+08 0.000000e+00
9.600000e-01 1.819701e+08 0.000000e+00
9.600000e-01 2.454709e+08 0.000000e+00
9.600000e-01 3.311311e+08 0.000000e+00
9.600000e-01 4.466836e+08 0.000000e+00
9.600000e-01 6.025596e+08 0.000000e+00
9.600000e-01 8.128305e+08 0.000000e+00
9.600000e-01 1.096478e+09 0.000000e+00
9.600000e-01 1.479108e+09 0.000000e+00
9.600000e-01 1.995262e+09 0.000000e+00
9.600000e-01 2.691535e+09 0.000000e+00
9.600000e-01 3.630781e+09 1.000000e-06
9.600000e-01 4.897788e+09 1.000000e-06
9.600000e-01 6.606934e+09 2.000000e-06
9.600000e-01 8.912509e+09 5.000000e-06
9.600000e-01 1.202264e+10 1.000000e-05
9.600000e-01 1.621810e+10 1.900000e-05
9.600000e-01 2.187762e+10 3.700000e-05
9.600000e-01 2.951209e+10 7.400000e-05
9.600000e-01 3.981072e+10 1.460000e-04
9.600000e-01 5.370318e+10 2.890000e-04
9.600000e-01 7.244360e+10 5.730000e-04
9.600000e-01 9.772372e+10 1.140000e-03
9.600000e-01 1.318257e+11 2.270000e-03
9.600000e-01 1.778279e+11 4.525000e-03
9.600000e-01 2.398833e+11 9.033000e-03
9.600000e-01 3.235937e+11 1.804900e-02
9.600000e-01 4.365158e+11 3.610200e-02
9.600000e-01 5.888437e+11 7.184600e-02
9.600000e-01 7.943282e+11 1.337020e-01
9.600000e-01 1.071519e+12 2.103370e-01
9.600000e-01 1.445440e+12 2.775970e-01
9.600000e-01 1.949845e+12 3.244150e-01
9.600000e-01 2.630268e+12 3.533390e-01
9.600000e-01 3.548134e+12 3.705380e-01
9.600000e-01 4.786301e+12 3.809580e-01
9.600000e-01 6.456542e+12 3.875980e-01
9.600000e-01 8.709636e+12 3.919760e-01
9.600000e-01 1.174898e+13 3.942580e-01
9.600000e-01 1.584893e+13 3.946520e-01
9.600000e-01 2.137962e+13 3.919580e-01
9.600000e-01 2.884032e+13 3.850560e-01
9.600000e-01 3.890451e+13 3.742740e-01
9.600000e-01 5.248075e+13 3.639030e-01
9.600000e-01 7.079458e+13 3.615800e-01
9.600000e-01 9.549926e+13 3.715670e-01
9.600000e-01 1.288250e+14 3.846130e-01
9.600000e-01 1.737801e+14 3.826360e-01
9.600000e-01 2.344229e+14 3.609300e-01
9.600000e-01 3.162278e+14 3.213040e-01
9.600000e-01 4.265795e+14 2.636250e-01
9.600000e-01 5.754399e+14 1.940020e-01
9.600000e-01 7.762471e+14 1.269720e-01
9.600000e-01 1.047129e+15 7.535600e-02
9.600000e-01 1.412538e+15 4.219500e-02
9.600000e-01 1.905461e+15 2.330300e-02
9.600000e-01 2.570396e+15 1.325400e-02
9.600000e-01 3.467369e+15 7.979000e-03
9.600000e-01 4.677351e+15 5.071000e-03
9.600000e-01 6.309573e+15 3.114000e-03
9.600000e-01 8.511380e+15 1.532000e-03
9.600000e-01 1.148154e+16 5.570000e-04
9.600000e-01 1.548817e+16 1.710000e-04
9.600000e-01 2.089296e+16 4.800000e-05
9.600000e-01 2.818383e+16 1.300000e-05
9.600000e-01 3.801894e+16 3.000000e-06
9.600000e-01 5.128614e+16 1.000000e-06
9.600000e-01 6.918310e+16 0.000000e+00
9.600000e-01 9.332543e+16 0.000000e+00
9.600000e-01 1.258925e+17 0.000000e+00
9.600000e-01 1.698244e+17 0.000000e+00
9.600000e-01 2.290868e+17 0.000000e+00
9.600000e-01 3.090295e+17 0.000000e+00
9.600000e-01 4.168694e+17 0.000000e+00
9.600000e-01 5.623413e+17 0.000000e+00
9.600000e-01 7.585776e+17 0.000000e+00
9.600000e-01 1.023293e+18 0.000000e+00
9.600000e-01 1.380384e+18 0.000000e+00
9.600000e-01 1.862087e+18 0.000000e+00
9.600000e-01 2.511886e+18 0.000000e+00
9.600000e-01 3.388442e+18 0.000000e+00
9.600000e-01 4.570882e+18 0.000000e+00
9.600000e-01 6.165950e+18 0.000000e+00
9.600000e-01 8.317638e+18 0.000000e+00
9.600000e-01 1.122018e+19 0.000000e+00
9.600000e-01 1.513561e+19 0.000000e+00
9.600000e-01 2.041738e+19 0.000000e+00
9.600000e-01 2.754229e+19 0.000000e+00
9.600000e-01 3.715352e+19 0.000000e+00
9.600000e-01 5.011872e+19 0.000000e+00
9.600000e-01 6.760830e+19 0.000000e+00
9.600000e-01 9.120108e+19 0.000000e+00
9.600000e-01 1.230269e+20 0.000000e+00
9.600000e-01 1.659587e+20 0.000000e+00
9.600000e-01 2.238721e+20 0.000000e+00
9.600000e-01 3.019952e+20 0.000000e+00
9.600000e-01 4.073803e+20 0.000000e+00
9.600000e-01 5.495409e+20 0.000000e+00
9.600000e-01 7.413102e+20 0.000000e+00
1.205880e+00 1.000000e+08 0.000000e+00
1.205880e+00 1.348963e+08 0.000000e+00
1.205880e+00 1.819701e+08 0.000000e+00
1.205880e+00 2.454709e+08 0.000000e+00
1.205880e+00 3.311311e+08 0.000000e+00
1.205880e+00 4.466836e+08 0.000000e+00
1.205880e+00 6.025596e+08 0.000000e+00
1.205880e+00 8.128305e+08 0.000000e+00
1.205880e+00 1.096478e+09 0.000000e+00
1.205880e+00 1.479108e+09 0.000000e+00
1.205880e+00 1.995262e+09 0.000000e+00
1.205880e+00 2.691535e+09 0.000000e+00
1.205880e+00 3.630781e+09 0.000000e+00
1.205880e+00 4.897788e+09 1.000000e-06
1.205880e+00 6.606934e+09 2.000000e-06
1.205880e+00 8.912509e+09 3.000000e-06
1.205880e+00 1.202264e+10 6.000000e-06
1.205880e+00 1.621810e+10 1.200000e-05
1.205880e+00 2.187762e+10 2.500000e-05
1.205880e+00 2.951209e+10 4.900000e-05
1.205880e+00 3.981072e+10 9.600000e-05
1.205880e+00 5.370318e+10 1.900000e-04
1.205880e+00 7.244360e+10 3.770000e-04
1.205880e+00 9.772372e+10 7.490000e-04
1.205880e+00 1.318257e+11 1.489000e-03
1.205880e+00 1.778279e+11 2.966000e-03
1.205880e+00 2.398833e+11 5.915000e-03
1.205880e+00 3.235937e+11 1.181100e-02
1.205880e+00 4.365158e+11 2.360900e-02
1.205880e+00 5.888437e+11 4.723200e-02
1.205880e+00 7.943282e+11 9.340500e-02
1.205880e+00 1.071519e+12 1.684220e-01
1.205880e+00 1.445440e+12 2.538240e-01
1.205880e+00 1.949845e+12 3.241120e-01
1.205880e+00 2.630268e+12 3.713190e-01
1.205880e+00 3.548134e+12 4.000610e-01
1.205880e+00 4.786301e+12 4.171600e-01
1.205880e+00 6.456542e+12 4.276280e-01
1.205880e+00 8.709636e+12 4.343890e-01
1.205880e+00 1.174898e+13 4.386820e-01
1.205880e+00 1.584893e+13 4.412360e-01
1.205880e+00 2.137962e+13 4.416600e-01
1.205880e+00 2.884032e+13 4.394260e-01
1.205880e+00 3.890451e+13 4.347020e-01
1.205880e+00 5.248075e+13 4.299970e-01
1.205880e+00 7.079458e+13 4.300450e-01
1.205880e+00 9.549926e+13 4.372980e-01
1.205880e+00 1.288250e+14 4.456630e-01
1.205880e+00 1.737801e+14 4.447540e-01
1.205880e+00 2.344229e+14 4.317470e-01
1.205880e+00 3.162278e+14 4.058810e-01
1.205880e+00 4.265795e+14 3.630390e-01
1.205880e+00 5.754399e+14 3.007140e-01
1.205880e+00 7.762471e+14 2.249530e-01
1.205880e+00 1.047129e+15 1.508090e-01
1.205880e+00 1.412538e+15 9.240400e-02
1.205880e+00 1.905461e+15 5.378000e-02
1.205880e+00 2.570396e+15 3.100200e-02
1.205880e+00 3.467369e+15 1.806200e-02
1.205880e+00 4.677351e+15 1.040800e-02
1.205880e+00 6.309573e+15 5.414000e-03
1.205880e+00 8.511380e+15 2.283000e-03
1.205880e+00 1.148154e+16 7.820000e-04
1.205880e+00 1.548817e+16 2.360000e-04
1.205880e+00 2.089296e+16 6.600000e-05
1.205880e+00 2.818383e+16 1.700000e-05
1.205880e+00 3.801894e+16 4.000000e-06
1.205880e+00 5.128614e+16 1.000000e-06
1.205880e+00 6.918310e+16 0.000000e+00
1.205880e+00 9.332543e+16 0.000000e+00
1.205880e+00 1.258925e+17 0.000000e+00
1.205880e+00 1.698244e+17 0.000000e+00
1.205880e+00 2.290868e+17 0.000000e+00
1.205880e+00 3.090295e+17 0.000000e+00
1.205880e+00 4.168694e+17 0.000000e+00
1.205880e+00 5.623413e+17 0.000000e+00
1.205880e+00 7.585776e+17 0.000000e+00
1.205880e+00 1.023293e+18 0.000000e+00
1.205880e+00 1.380384e+18 0.000000e+00
1.205880e+00 1.862087e+18 0.000000e+00
1.205880e+00 2.511886e+18 0.000000e+00
1.205880e+00 3.388442e+18 0.000000e+00
1.205880e+00 4.570882e+18 0.000000e+00
1.205880e+00 6.165950e+18 0.000000e+00
1.205880e+00 8.317638e+18 0.000000e+00
1.205880e+00 1.122018e+19 0.000000e+00
1.205880e+00 1.513561e+19 0.000000e+00
1.205880e+00 2.041738e+19 0.000000e+00
1.205880e+00 2.754229e+19 0.000000e+00
1.205880e+00 3.715352e+19 0.000000e+00
1.205880e+00 5.011872e+19 0.000000e+00
1.205880e+00 6.760830e+19 0.000000e+00
1.205880e+00 9.120108e+19 0.000000e+00
1.205880e+00 1.230269e+20 0.000000e+00
1.205880e+00 1.659587e+20 0.000000e+00
1.205880e+00 2.238721e+20 0.000000e+00
1.205880e+00 3.019952e+20 0.000000e+00
1.205880e+00 4.073803e+20 0.000000e+00
1.205880e+00 5.495409e+20 0.000000e+00
1.205880e+00 7.413102e+20 0.000000e+00
1.514730e+00 1.000000e+08 0.000000e+00
1.514730e+00 1.348963e+08 0.000000e+00
1.514730e+00 1.819701e+08 0.000000e+00
1.514730e+00 2.454709e+08 0.000000e+00
1.514730e+00 3.311311e+08 0.000000e+00
1.514730e+00 4.466836e+08 0.000000e+00
1.514730e+00 6.025596e+08 0.000000e+00
1.514730e+00 8.128305e+08 0.000000e+00
1.514730e+00 1.096478e+09 0.000000e+00
1.514730e+00 1.479108e+09 0.000000e+00
1.514730e+00 1.995262e+09 0.000000e+00
1.514730e+00 2.691535e+09 0.000000e+00
1.514730e+00 3.630781e+09 0.000000e+00
1.514730e+00 4.897788e+09 1.000000e-06
1.514730e+00 6.606934e+09 1.000000e-06
1.514730e+00 8.912509e+09 2.000000e-06
1.514730e+00 1.202264e+10 4.000000e-06
1.514730e+00 1.621810e+10 8.000000e-06
1.514730e+00 2.187762e+10 1.600000e-05
1.514730e+00 2.951209e+10 3.200000e-05
1.514730e+00 3.981072e+10 6.200000e-05
1.514730e+00 5.370318e+10 1.230000e-04
1.514730e+00 7.244360e+10 2.440000e-04
1.514730e+00 9.772372e+10 4.840000e-04
1.514730e+00 1.318257e+11 9.610000e-04
1.514730e+00 1.778279e+11 1.913000e-03
1.514730e+00 2.398833e+11 3.814000e-03
1.514730e+00 3.235937e+11 7.609000e-03
1.514730e+00 4.365158e+11 1.520000e-02
1.514730e+00 5.888437e+11 3.039600e-02
1.514730e+00 7.943282e+11 6.080800e-02
1.514730e+00 1.071519e+12 1.189590e-01
1.514730e+00 1.445440e+12 2.070080e-01
1.514730e+00 1.949845e+12 2.994380e-01
1.514730e+00 2.630268e+12 3.713760e-01
1.514730e+00 3.548134e+12 4.182850e-01
1.514730e+00 4.786301e+12 4.465540e-01
1.514730e+00 6.456542e+12 4.634270e-01
1.514730e+00 8.709636e+12 4.738760e-01
1.514730e+00 1.174898e+13 4.806050e-01
1.514730e+00 1.584893e+13 4.851290e-01
1.514730e+00 2.137962e+13 4.877870e-01
1.514730e+00 2.884032e+13 4.885510e-01
1.514730e+00 3.890451e+13 4.876360e-01
1.514730e+00 5.248075e+13 4.865300e-01
1.514730e+00 7.079458e+13 4.880090e-01
1.514730e+00 9.549926e+13 4.933740e-01
1.514730e+00 1.288250e+14 4.988150e-01
1.514730e+00 1.737801e+14 4.983260e-01
1.514730e+00 2.344229e+14 4.900610e-01
1.514730e+00 3.162278e+14 4.726770e-01
1.514730e+00 4.265795e+14 4.418150e-01
1.514730e+00 5.754399e+14 3.920060e-01
1.514730e+00 7.762471e+14 3.215510e-01
1.514730e+00 1.047129e+15 2.382920e-01
1.514730e+00 1.412538e+15 1.587700e-01
1.514730e+00 1.905461e+15 9.693500e-02
1.514730e+00 2.570396e+15 5.593300e-02
1.514730e+00 3.467369e+15 3.091200e-02
1.514730e+00 4.677351e+15 1.597000e-02
1.514730e+00 6.309573e+15 7.250000e-03
1.514730e+00 8.511380e+15 2.770000e-03
1.514730e+00 1.148154e+16 9.100000e-04
1.514730e+00 1.548817e+16 2.680000e-04
1.514730e+00 2.089296e+16 7.200000e-05
1.514730e+00 2.818383e+16 1.800000e-05
1.514730e+00 3.801894e+16 4.000000e-06
1.514730e+00 5.128614e+16 1.000000e-06
1.514730e+00 6.918310e+16 0.000000e+00
1.514730e+00 9.332543e+16 0.000000e+00
1.514730e+00 1.258925e+17 0.000000e+00
1.514730e+00 1.698244e+17 0.000000e+00
1.514730e+00 2.290868e+17 0.000000e+00
1.514730e+00 3.090295e+17 0.000000e+00
1.514730e+00 4.168694e+17 0.000000e+00
1.514730e+00 5.623413e+17 0.000000e+00
1.514730e+00 7.585776e+17 0.000000e+00
1.514730e+00 1.023293e+18 0.000000e+00
1.514730e+00 1.380384e+18 0.000000e+00
1.514730e+00 1.862087e+18 0.000000e+00
1.514730e+00 2.511886e+18 0.000000e+00
1.514730e+00 3.388442e+18 0.000000e+00
1.514730e+00 4.570882e+18 0.000000e+00
1.514730e+00 6.165950e+18 0.000000e+00
1.514730e+00 8.317638e+18 0.000000e+00
1.514730e+00 1.122018e+19 0.000000e+00
1.514730e+00 1.513561e+19 0.000000e+00
1.514730e+00 2.041738e+19 0.000000e+00
1.514730e+00 2.754229e+19 0.000000e+00
1.514730e+00 3.715352e+19 0.000000e+00
1.514730e+00 5.011872e+19 0.000000e+00
1.514730e+00 6.760830e+19 0.000000e+00
1.514730e+00 9.120108e+19 0.000000e+00
1.514730e+00 1.230269e+20 0.000000e+00
1.514730e+00 1.659587e+20 0.000000e+00
1.514730e+00 2.238721e+20 0.000000e+00
1.514730e+00 3.019952e+20 0.000000e+00
1.514730e+00 4.073803e+20 0.000000e+00
1.514730e+00 5.495409e+20 0.000000e+00
1.514730e+00 7.413102e+20 0.000000e+00
1.902680e+00 1.000000e+08 0.000000e+00
1.902680e+00 1.348963e+08 0.000000e+00
1.902680e+00 1.819701e+08 0.000000e+00
1.902680e+00 2.454709e+08 0.000000e+00
1.902680e+00 3.311311e+08 0.000000e+00
1.902680e+00 4.466836e+08 0.000000e+00
1.902680e+00 6.025596e+08 0.000000e+00
1.902680e+00 8.128305e+08 0.000000e+00
1.902680e+00 1.096478e+09 0.000000e+00
1.902680e+00 1.479108e+09 0.000000e+00
1.902680e+00 1.995262e+09 0.000000e+00
1.902680e+00 2.691535e+09 0.000000e+00
1.902680e+00 3.630781e+09 0.000000e+00
1.902680e+00 4.897788e+09 0.000000e+00
1.902680e+00 6.606934e+09 1.000000e-06
1.902680e+00 8.912509e+09 1.000000e-06
1.902680e+00 1.202264e+10 3.000000e-06
1.902680e+00 1.621810e+10 5.000000e-06
1.902680e+00 2.187762e+10 1.000000e-05
1.902680e+00 2.951209e+10 2.000000e-05
1.902680e+00 3.981072e+10 4.000000e-05
1.902680e+00 5.370318e+10 7.800000e-05
1.902680e+00 7.244360e+10 1.550000e-04
1.902680e+00 9.772372e+10 3.080000e-04
1.902680e+00 1.318257e+11 6.110000e-04
1.902680e+00 1.778279e+11 1.214000e-03
1.902680e+00 2.398833e+11 2.418000e-03
1.902680e+00 3.235937e+11 4.821000e-03
1.902680e+00 4.365158e+11 9.624000e-03
1.902680e+00 5.888437e+11 1.923300e-02
1.902680e+00 7.943282e+11 3.847800e-02
1.902680e+00 1.071519e+12 7.689800e-02
1.902680e+00 1.445440e+12 1.482400e-01
1.902680e+00 1.949845e+12 2.483330e-01
1.902680e+00 2.630268e+12 3.458800e-01
1.902680e+00 3.548134e+12 4.182510e-01
1.902680e+00 4.786301e+12 4.643350e-01
1.902680e+00 6.456542e+12 4.919250e-01
1.902680e+00 8.709636e+12 5.084760e-01
1.902680e+00 1.174898e+13 5.187870e-01
1.902680e+00 1.584893e+13 5.256410e-01
1.902680e+00 2.137962e+13 5.302510e-01
1.902680e+00 2.884032e+13 5.331230e-01
1.902680e+00 3.890451e+13 5.346300e-01
1.902680e+00 5.248075e+13 5.357330e-01
1.902680e+00 7.079458e+13 5.380610e-01
1.902680e+00 9.549926e+13 5.422770e-01
1.902680e+00 1.288250e+14 5.459800e-01
1.902680e+00 1.737801e+14 5.454710e-01
1.902680e+00 2.344229e+14 5.392640e-01
1.902680e+00 3.162278e+14 5.257430e-01
1.902680e+00 4.265795e+14 5.008440e-01
1.902680e+00 5.754399e+14 4.586100e-01
1.902680e+00 7.762471e+14 3.939910e-01
1.902680e+00 1.047129e+15 3.086860e-01
1.902680e+00 1.412538e+15 2.159870e-01
1.902680e+00 1.905461e+15 1.347950e-01
1.902680e+00 2.570396e+15 7.624100e-02
1.902680e+00 3.467369e+15 3.945000e-02
1.902680e+00 4.677351e+15 1.842100e-02
1.902680e+00 6.309573e+15 7.541000e-03
1.902680e+00 8.511380e+15 2.677000e-03
1.902680e+00 1.148154e+16 8.380000e-04
1.902680e+00 1.548817e+16 2.360000e-04
1.902680e+00 2.089296e+16 6.000000e-05
1.902680e+00 2.818383e+16 1.400000e-05
1.902680e+00 3.801894e+16 3.000000e-06
1.902680e+00 5.128614e+16 1.000000e-06
1.902680e+00 6.918310e+16 0.000000e+00
1.902680e+00 9.332543e+16 0.000000e+00
1.902680e+00 1.258925e+17 0.000000e+00
1.902680e+00 1.698244e+17 0.000000e+00
1.902680e+00 2.290868e+17 0.000000e+00
1.902680e+00 3.090295e+17 0.000000e+00
1.902680e+00 4.168694e+17 0.000000e+00
1.902680e+00 5.623413e+17 0.000000e+00
1.902680e+00 7.585776e+17 0.000000e+00
1.902680e+00 1.023293e+18 0.000000e+00
1.902680e+00 1.380384e+18 0.000000e+00
1.902680e+00 1.862087e+18 0.000000e+00
1.902680e+00 2.511886e+18 0.000000e+00
1.902680e+00 3.388442e+18 0.000000e+00
1.902680e+00 4.570882e+18 0.000000e+00
1.902680e+00 6.165950e+18 0.000000e+00
1.902680e+00 8.317638e+18 0.000000e+00
1.902680e+00 1.122018e+19 0.000000e+00
1.902680e+00 1.513561e+19 0.000000e+00
1.902680e+00 2.041738e+19 0.000000e+00
1.902680e+00 2.754229e+19 0.000000e+00
1.902680e+00 3.715352e+19 0.000000e+00
1.902680e+00 5.011872e+19 0.000000e+00
1.902680e+00 6.760830e+19 0.000000e+00
1.902680e+00 9.120108e+19 0.000000e+00
1.902680e+00 1.230269e+20 0.000000e+00
1.902680e+00 1.659587e+20 0.000000e+00
1.902680e+00 2.238721e+20 0.000000e+00
1.902680e+00 3.019952e+20 0.000000e+00
1.902680e+00 4.073803e+20 0.000000e+00
1.902680e+00 5.495409e+20 0.000000e+00
1.902680e+00 7.413102e+20 0.000000e+00
2.390000e+00 1.000000e+08 0.000000e+00
2.390000e+00 1.348963e+08 0.000000e+00
2.390000e+00 1.819701e+08 0.000000e+00
2.390000e+00 2.454709e+08 0.000000e+00
2.390000e+00 3.311311e+08 0.000000e+00
2.390000e+00 4.466836e+08 0.000000e+00
2.390000e+00 6.025596e+08 0.000000e+00
2.390000e+00 8.128305e+08 0.000000e+00
2.390000e+00 1.096478e+09 0.000000e+00
2.390000e+00 1.479108e+09 0.000000e+00
2.390000e+00 1.995262e+09 0.000000e+00
2.390000e+00 2.691535e+09 0.000000e+00
2.390000e+00 3.630781e+09 0.000000e+00
2.390000e+00 4.897788e+09 0.000000e+00
2.390000e+00 6.606934e+09 0.000000e+00
2.390000e+00 8.912509e+09 1.000000e-06
2.390000e+00 1.202264e+10 2.000000e-06
2.390000e+00 1.621810e+10 3.000000e-06
2.390000e+00 2.187762e+10 6.000000e-06
2.390000e+00 2.951209e+10 1.300000e-05
2.390000e+00 3.981072e+10 2.500000e-05
2.390000e+00 5.370318e+10 4.900000e-05
2.390000e+00 7.244360e+10 9.700000e-05
2.390000e+00 9.772372e+10 1.920000e-04
2.390000e+00 1.318257e+11 3.810000e-04
2.390000e+00 1.778279e+11 7.570000e-04
2.390000e+00 2.398833e+11 1.507000e-03
2.390000e+00 3.235937e+11 3.002000e-03
2.390000e+00 4.365158e+11 5.988000e-03
2.390000e+00 5.888437e+11 1.196100e-02
2.390000e+00 7.943282e+11 2.391900e-02
2.390000e+00 1.071519e+12 4.783700e-02
2.390000e+00 1.445440e+12 9.550000e-02
2.390000e+00 1.949845e+12 1.805190e-01
2.390000e+00 2.630268e+12 2.910850e-01
2.390000e+00 3.548134e+12 3.919470e-01
2.390000e+00 4.786301e+12 4.638340e-01
2.390000e+00 6.456542e+12 5.087700e-01
2.390000e+00 8.709636e+12 5.355640e-01
2.390000e+00 1.174898e+13 5.516960e-01
2.390000e+00 1.584893e+13 5.619330e-01
2.390000e+00 2.137962e+13 5.687700e-01
2.390000e+00 2.884032e+13 5.734470e-01
2.390000e+00 3.890451e+13 5.766560e-01
2.390000e+00 5.248075e+13 5.791650e-01
2.390000e+00 7.079458e+13 5.819900e-01
2.390000e+00 9.549926e+13 5.854610e-01
2.390000e+00 1.288250e+14 5.879670e-01
2.390000e+00 1.737801e+14 5.869340e-01
2.390000e+00 2.344229e+14 5.808650e-01
2.390000e+00 3.162278e+14 5.677410e-01
2.390000e+00 4.265795e+14 5.433570e-01
2.390000e+00 5.754399e+14 5.013530e-01
2.390000e+00 7.762471e+14 4.352920e-01
2.390000e+00 1.047129e+15 3.444860e-01
2.390000e+00 1.412538e+15 2.411230e-01
2.390000e+00 1.905461e+15 1.472980e-01
2.390000e+00 2.570396e+15 7.911500e-02
2.390000e+00 3.467369e+15 3.777100e-02
2.390000e+00 4.677351e+15 1.601800e-02
2.390000e+00 6.309573e+15 5.986000e-03
2.390000e+00 8.511380e+15 1.971000e-03
2.390000e+00 1.148154e+16 5.770000e-04
2.390000e+00 1.548817e+16 1.510000e-04
2.390000e+00 2.089296e+16 3.500000e-05
2.390000e+00 2.818383e+16 7.000000e-06
2.390000e+00 3.801894e+16 1.000000e-06
2.390000e+00 5.128614e+16 0.000000e+00
2.390000e+00 6.918310e+16 0.000000e+00
2.390000e+00 9.332543e+16 0.000000e+00
2.390000e+00 1.258925e+17 0.000000e+00
2.390000e+00 1.698244e+17 0.000000e+00
2.390000e+00 2.290868e+17 0.000000e+00
2.390000e+00 3.090295e+17 0.000000e+00
2.390000e+00 4.168694e+17 0.000000e+00
2.390000e+00 5.623413e+17 0.000000e+00
2.390000e+00 7.585776e+17 0.000000e+00
2.390000e+00 1.023293e+18 0.000000e+00
2.390000e+00 1.380384e+18 0.000000e+00
2.390000e+00 1.862087e+18 0.000000e+00
2.390000e+00 2.511886e+18 0.000000e+00
2.390000e+00 3.388442e+18 0.000000e+00
2.390000e+00 4.570882e+18 0.000000e+00
2.390000e+00 6.165950e+18 0.000000e+00
2.390000e+00 8.317638e+18 0.000000e+00
2.390000e+00 1.122018e+19 0.000000e+00
2.390000e+00 1.513561e+19 0.000000e+00
2.390000e+00 2.041738e+19 0.000000e+00
2.390000e+00 2.754229e+19 0.000000e+00
2.390000e+00 3.715352e+19 0.000000e+00
2.390000e+00 5.011872e+19 0.000000e+00
2.390000e+00 6.760830e+19 0.000000e+00
2.390000e+00 9.120108e+19 0.000000e+00
2.390000e+00 1.230269e+20 0.000000e+00
2.390000e+00 1.659587e+20 0.000000e+00
2.390000e+00 2.238721e+20 0.000000e+00
2.390000e+00 3.019952e+20 0.000000e+00
2.390000e+00 4.073803e+20 0.000000e+00
2.390000e+00 5.495409e+20 0.000000e+00
2.390000e+00 7.413102e+20 0.000000e+00
