Title: A Self-Consistent Particle Transport Model for Synchrotron Polarization with Application to 3C 454.3
Authors: Vedula K.T., Lewis T.R., Zhang H.C.
Table: Parameter Study Results (t_var)
================================================================================
Byte-by-byte Description of file: parameter_study_t_var_mrt.txt
--------------------------------------------------------------------------------
 Bytes Format Units  Label     Explanations
--------------------------------------------------------------------------------
 1-12  E12.7  ---    Value   [24200.0/75300.0] Swept t_var value, in its native
                            unit
14-25  E12.7  Hz     Freq    [100000000.0/7.413102e+20] Frequency
27-38  E12.7  ---    Pi      Polarization degree
--------------------------------------------------------------------------------
Notes:
--------------------------------------------------------------------------------
2.420000e+04 1.000000e+08 0.000000e+00
2.420000e+04 1.348963e+08 0.000000e+00
2.420000e+04 1.819701e+08 0.000000e+00
2.420000e+04 2.454709e+08 0.000000e+00
2.420000e+04 3.311311e+08 0.000000e+00
2.420000e+04 4.466836e+08 0.000000e+00
2.420000e+04 6.025596e+08 0.000000e+00
2.420000e+04 8.128305e+08 0.000000e+00
2.420000e+04 1.096478e+09 0.000000e+00
2.420000e+04 1.479108e+09 0.000000e+00
2.420000e+04 1.995262e+09 0.000000e+00
2.420000e+04 2.691535e+09 1.000000e-06
2.420000e+04 3.630781e+09 1.000000e-06
2.420000e+04 4.897788e+09 2.000000e-06
2.420000e+04 6.606934e+09 4.000000e-06
2.420000e+04 8.912509e+09 7.000000e-06
2.420000e+04 1.202264e+10 1.400000e-05
2.420000e+04 1.621810e+10 2.800000e-05
2.420000e+04 2.187762e+10 5.600000e-05
2.420000e+04 2.951209e+10 1.110000e-04
2.420000e+04 3.981072e+10 2.200000e-04
2.420000e+04 5.370318e+10 4.370000e-04
2.420000e+04 7.244360e+10 8.680000e-04
2.420000e+04 9.772372e+10 1.728000e-03
2.420000e+04 1.318257e+11 3.443000e-03
2.420000e+04 1.778279e+11 6.870000e-03
2.420000e+04 2.398833e+11 1.372300e-02
2.420000e+04 3.235937e+11 2.744300e-02
2.420000e+04 4.365158e+11 5.478100e-02
2.420000e+04 5.888437e+11 1.043980e-01
2.420000e+04 7.943282e+11 1.710080e-01
2.420000e+04 1.071519e+12 2.333720e-01
2.420000e+04 1.445440e+12 2.785220e-01
2.420000e+04 1.949845e+12 3.069150e-01
2.420000e+04 2.630268e+12 3.238500e-01
2.420000e+04 3.548134e+12 3.340580e-01
2.420000e+04 4.786301e+12 3.405530e-01
2.420000e+04 6.456542e+12 3.449640e-01
2.420000e+04 8.709636e+12 3.480070e-01
2.420000e+04 1.174898e+13 3.493990e-01
2.420000e+04 1.584893e+13 3.490840e-01
2.420000e+04 2.137962e+13 3.456800e-01
2.420000e+04 2.884032e+13 3.379070e-01
2.420000e+04 3.890451e+13 3.260140e-01
2.420000e+04 5.248075e+13 3.143720e-01
2.420000e+04 7.079458e+13 3.108250e-01
2.420000e+04 9.549926e+13 3.200650e-01
2.420000e+04 1.288250e+14 3.330100e-01
2.420000e+04 1.737801e+14 3.300200e-01
2.420000e+04 2.344229e+14 3.054910e-01
2.420000e+04 3.162278e+14 2.625450e-01
2.420000e+04 4.265795e+14 2.041040e-01
2.420000e+04 5.754399e+14 1.401680e-01
2.420000e+04 7.762471e+14 8.532100e-02
2.420000e+04 1.047129e+15 4.748700e-02
2.420000e+04 1.412538e+15 2.526200e-02
2.420000e+04 1.905461e+15 1.341700e-02
2.420000e+04 2.570396e+15 7.420000e-03
2.420000e+04 3.467369e+15 4.399000e-03
2.420000e+04 4.677351e+15 2.810000e-03
2.420000e+04 6.309573e+15 1.788000e-03
2.420000e+04 8.511380e+15 9.220000e-04
2.420000e+04 1.148154e+16 3.410000e-04
2.420000e+04 1.548817e+16 1.040000e-04
2.420000e+04 2.089296e+16 2.900000e-05
2.420000e+04 2.818383e+16 8.000000e-06
2.420000e+04 3.801894e+16 2.000000e-06
2.420000e+04 5.128614e+16 0.000000e+00
2.420000e+04 6.918310e+16 0.000000e+00
2.420000e+04 9.332543e+16 0.000000e+00
2.420000e+04 1.258925e+17 0.000000e+00
2.420000e+04 1.698244e+17 0.000000e+00
2.420000e+04 2.290868e+17 0.000000e+00
2.420000e+04 3.090295e+17 0.000000e+00
2.420000e+04 4.168694e+17 0.000000e+00
2.420000e+04 5.623413e+17 0.000000e+00
2.420000e+04 7.585776e+17 0.000000e+00
2.420000e+04 1.023293e+18 0.000000e+00
2.420000e+04 1.380384e+18 0.000000e+00
2.420000e+04 1.862087e+18 0.000000e+00
2.420000e+04 2.511886e+18 0.000000e+00
2.420000e+04 3.388442e+18 0.000000e+00
2.420000e+04 4.570882e+18 0.000000e+00
2.420000e+04 6.165950e+18 0.000000e+00
2.420000e+04 8.317638e+18 0.000000e+00
2.420000e+04 1.122018e+19 0.000000e+00
2.420000e+04 1.513561e+19 0.000000e+00
2.420000e+04 2.041738e+19 0.000000e+00
2.420000e+04 2.754229e+19 0.000000e+00
2.420000e+04 3.715352e+19 0.000000e+00
2.420000e+04 5.011872e+19 0.000000e+00
2.420000e+04 6.760830e+19 0.000000e+00
2.420000e+04 9.120108e+19 0.000000e+00
2.420000e+04 1.230269e+20 0.000000e+00
2.420000e+04 1.659587e+20 0.000000e+00
2.420000e+04 2.238721e+20 0.000000e+00
2.420000e+04 3.019952e+20 0.000000e+00
2.420000e+04 4.073803e+20 0.000000e+00
2.420000e+04 5.495409e+20 0.000000e+00
2.420000e+04 7.413102e+20 0.000000e+00
3.214110e+04 1.000000e+08 0.000000e+00
3.214110e+04 1.348963e+08 0.000000e+00
3.214110e+04 1.819701e+08 0.000000e+00
3.214110e+04 2.454709e+08 0.000000e+00
3.214110e+04 3.311311e+08 0.000000e+00
3.214110e+04 4.466836e+08 0.000000e+00
3.214110e+04 6.025596e+08 0.000000e+00
3.214110e+04 8.128305e+08 0.000000e+00
3.214110e+04 1.096478e+09 0.000000e+00
3.214110e+04 1.479108e+09 0.000000e+00
3.214110e+04 1.995262e+09 0.000000e+00
3.214110e+04 2.691535e+09 1.000000e-06
3.214110e+04 3.630781e+09 1.000000e-06
3.214110e+04 4.897788e+09 2.000000e-06
3.214110e+04 6.606934e+09 4.000000e-06
3.214110e+04 8.912509e+09 7.000000e-06
3.214110e+04 1.202264e+10 1.400000e-05
3.214110e+04 1.621810e+10 2.800000e-05
3.214110e+04 2.187762e+10 5.600000e-05
3.214110e+04 2.951209e+10 1.110000e-04
3.214110e+04 3.981072e+10 2.200000e-04
3.214110e+04 5.370318e+10 4.370000e-04
3.214110e+04 7.244360e+10 8.680000e-04
3.214110e+04 9.772372e+10 1.728000e-03
3.214110e+04 1.318257e+11 3.443000e-03
3.214110e+04 1.778279e+11 6.870000e-03
3.214110e+04 2.398833e+11 1.372300e-02
3.214110e+04 3.235937e+11 2.744300e-02
3.214110e+04 4.365158e+11 5.478100e-02
3.214110e+04 5.888437e+11 1.043980e-01
3.214110e+04 7.943282e+11 1.710080e-01
3.214110e+04 1.071519e+12 2.333730e-01
3.214110e+04 1.445440e+12 2.785260e-01
3.214110e+04 1.949845e+12 3.069230e-01
3.214110e+04 2.630268e+12 3.238690e-01
3.214110e+04 3.548134e+12 3.341000e-01
3.214110e+04 4.786301e+12 3.406480e-01
3.214110e+04 6.456542e+12 3.451830e-01
3.214110e+04 8.709636e+12 3.485020e-01
3.214110e+04 1.174898e+13 3.506440e-01
3.214110e+04 1.584893e+13 3.516650e-01
3.214110e+04 2.137962e+13 3.507790e-01
3.214110e+04 2.884032e+13 3.471630e-01
3.214110e+04 3.890451e+13 3.407790e-01
3.214110e+04 5.248075e+13 3.341640e-01
3.214110e+04 7.079458e+13 3.324460e-01
3.214110e+04 9.549926e+13 3.387660e-01
3.214110e+04 1.288250e+14 3.469820e-01
3.214110e+04 1.737801e+14 3.448020e-01
3.214110e+04 2.344229e+14 3.281500e-01
3.214110e+04 3.162278e+14 2.965960e-01
3.214110e+04 4.265795e+14 2.480330e-01
3.214110e+04 5.754399e+14 1.857990e-01
3.214110e+04 7.762471e+14 1.226830e-01
3.214110e+04 1.047129e+15 7.247500e-02
3.214110e+04 1.412538e+15 3.988600e-02
3.214110e+04 1.905461e+15 2.143600e-02
3.214110e+04 2.570396e+15 1.175400e-02
3.214110e+04 3.467369e+15 6.736000e-03
3.214110e+04 4.677351e+15 3.986000e-03
3.214110e+04 6.309573e+15 2.216000e-03
3.214110e+04 8.511380e+15 9.920000e-04
3.214110e+04 1.148154e+16 3.440000e-04
3.214110e+04 1.548817e+16 1.040000e-04
3.214110e+04 2.089296e+16 2.900000e-05
3.214110e+04 2.818383e+16 8.000000e-06
3.214110e+04 3.801894e+16 2.000000e-06
3.214110e+04 5.128614e+16 0.000000e+00
3.214110e+04 6.918310e+16 0.000000e+00
3.214110e+04 9.332543e+16 0.000000e+00
3.214110e+04 1.258925e+17 0.000000e+00
3.214110e+04 1.698244e+17 0.000000e+00
3.214110e+04 2.290868e+17 0.000000e+00
3.214110e+04 3.090295e+17 0.000000e+00
3.214110e+04 4.168694e+17 0.000000e+00
3.214110e+04 5.623413e+17 0.000000e+00
3.214110e+04 7.585776e+17 0.000000e+00
3.214110e+04 1.023293e+18 0.000000e+00
3.214110e+04 1.380384e+18 0.000000e+00
3.214110e+04 1.862087e+18 0.000000e+00
3.214110e+04 2.511886e+18 0.000000e+00
3.214110e+04 3.388442e+18 0.000000e+00
3.214110e+04 4.570882e+18 0.000000e+00
3.214110e+04 6.165950e+18 0.000000e+00
3.214110e+04 8.317638e+18 0.000000e+00
3.214110e+04 1.122018e+19 0.000000e+00
3.214110e+04 1.513561e+19 0.000000e+00
3.214110e+04 2.041738e+19 0.000000e+00
3.214110e+04 2.754229e+19 0.000000e+00
3.214110e+04 3.715352e+19 0.000000e+00
3.214110e+04 5.011872e+19 0.000000e+00
3.214110e+04 6.760830e+19 0.000000e+00
3.214110e+04 9.120108e+19 0.000000e+00
3.214110e+04 1.230269e+20 0.000000e+00
3.214110e+04 1.659587e+20 0.000000e+00
3.214110e+04 2.238721e+20 0.000000e+00
3.214110e+04 3.019952e+20 0.000000e+00
3.214110e+04 4.073803e+20 0.000000e+00
3.214110e+04 5.495409e+20 0.000000e+00
3.214110e+04 7.413102e+20 0.000000e+00
4.268790e+04 1.000000e+08 0.000000e+00
4.268790e+04 1.348963e+08 0.000000e+00
4.268790e+04 1.819701e+08 0.000000e+00
4.268790e+04 2.454709e+08 0.000000e+00
4.268790e+04 3.311311e+08 0.000000e+00
4.268790e+04 4.466836e+08 0.000000e+00
4.268790e+04 6.025596e+08 0.000000e+00
4.268790e+04 8.128305e+08 0.000000e+00
4.268790e+04 1.096478e+09 0.000000e+00
4.268790e+04 1.479108e+09 0.000000e+00
4.268790e+04 1.995262e+09 0.000000e+00
4.268790e+04 2.691535e+09 1.000000e-06
4.268790e+04 3.630781e+09 1.000000e-06
4.268790e+04 4.897788e+09 2.000000e-06
4.268790e+04 6.606934e+09 4.000000e-06
4.268790e+04 8.912509e+09 7.000000e-06
4.268790e+04 1.202264e+10 1.400000e-05
4.268790e+04 1.621810e+10 2.800000e-05
4.268790e+04 2.187762e+10 5.600000e-05
4.268790e+04 2.951209e+10 1.110000e-04
4.268790e+04 3.981072e+10 2.200000e-04
4.268790e+04 5.370318e+10 4.370000e-04
4.268790e+04 7.244360e+10 8.680000e-04
4.268790e+04 9.772372e+10 1.728000e-03
4.268790e+04 1.318257e+11 3.443000e-03
4.268790e+04 1.778279e+11 6.870000e-03
4.268790e+04 2.398833e+11 1.372300e-02
4.268790e+04 3.235937e+11 2.744300e-02
4.268790e+04 4.365158e+11 5.478100e-02
4.268790e+04 5.888437e+11 1.043980e-01
4.268790e+04 7.943282e+11 1.710080e-01
4.268790e+04 1.071519e+12 2.333740e-01
4.268790e+04 1.445440e+12 2.785270e-01
4.268790e+04 1.949845e+12 3.069280e-01
4.268790e+04 2.630268e+12 3.238790e-01
4.268790e+04 3.548134e+12 3.341240e-01
4.268790e+04 4.786301e+12 3.407030e-01
4.268790e+04 6.456542e+12 3.453070e-01
4.268790e+04 8.709636e+12 3.487840e-01
4.268790e+04 1.174898e+13 3.513540e-01
4.268790e+04 1.584893e+13 3.531440e-01
4.268790e+04 2.137962e+13 3.537370e-01
4.268790e+04 2.884032e+13 3.526390e-01
4.268790e+04 3.890451e+13 3.497580e-01
4.268790e+04 5.248075e+13 3.465320e-01
4.268790e+04 7.079458e+13 3.460940e-01
4.268790e+04 9.549926e+13 3.503710e-01
4.268790e+04 1.288250e+14 3.554370e-01
4.268790e+04 1.737801e+14 3.537860e-01
4.268790e+04 2.344229e+14 3.425540e-01
4.268790e+04 3.162278e+14 3.201340e-01
4.268790e+04 4.265795e+14 2.825010e-01
4.268790e+04 5.754399e+14 2.278490e-01
4.268790e+04 7.762471e+14 1.631960e-01
4.268790e+04 1.047129e+15 1.032840e-01
4.268790e+04 1.412538e+15 5.936800e-02
4.268790e+04 1.905461e+15 3.242000e-02
4.268790e+04 2.570396e+15 1.757400e-02
4.268790e+04 3.467369e+15 9.639000e-03
4.268790e+04 4.677351e+15 5.225000e-03
4.268790e+04 6.309573e+15 2.564000e-03
4.268790e+04 8.511380e+15 1.036000e-03
4.268790e+04 1.148154e+16 3.470000e-04
4.268790e+04 1.548817e+16 1.040000e-04
4.268790e+04 2.089296e+16 2.900000e-05
4.268790e+04 2.818383e+16 8.000000e-06
4.268790e+04 3.801894e+16 2.000000e-06
4.268790e+04 5.128614e+16 0.000000e+00
4.268790e+04 6.918310e+16 0.000000e+00
4.268790e+04 9.332543e+16 0.000000e+00
4.268790e+04 1.258925e+17 0.000000e+00
4.268790e+04 1.698244e+17 0.000000e+00
4.268790e+04 2.290868e+17 0.000000e+00
4.268790e+04 3.090295e+17 0.000000e+00
4.268790e+04 4.168694e+17 0.000000e+00
4.268790e+04 5.623413e+17 0.000000e+00
4.268790e+04 7.585776e+17 0.000000e+00
4.268790e+04 1.023293e+18 0.000000e+00
4.268790e+04 1.380384e+18 0.000000e+00
4.268790e+04 1.862087e+18 0.000000e+00
4.268790e+04 2.511886e+18 0.000000e+00
4.268790e+04 3.388442e+18 0.000000e+00
4.268790e+04 4.570882e+18 0.000000e+00
4.268790e+04 6.165950e+18 0.000000e+00
4.268790e+04 8.317638e+18 0.000000e+00
4.268790e+04 1.122018e+19 0.000000e+00
4.268790e+04 1.513561e+19 0.000000e+00
4.268790e+04 2.041738e+19 0.000000e+00
4.268790e+04 2.754229e+19 0.000000e+00
4.268790e+04 3.715352e+19 0.000000e+00
4.268790e+04 5.011872e+19 0.000000e+00
4.268790e+04 6.760830e+19 0.000000e+00
4.268790e+04 9.120108e+19 0.000000e+00
4.268790e+04 1.230269e+20 0.000000e+00
4.268790e+04 1.659587e+20 0.000000e+00
4.268790e+04 2.238721e+20 0.000000e+00
4.268790e+04 3.019952e+20 0.000000e+00
4.268790e+04 4.073803e+20 0.000000e+00
4.268790e+04 5.495409e+20 0.000000e+00
4.268790e+04 7.413102e+20 0.000000e+00
5.669570e+04 1.000000e+08 0.000000e+00
5.669570e+04 1.348963e+08 0.000000e+00
5.669570e+04 1.819701e+08 0.000000e+00
5.669570e+04 2.454709e+08 0.000000e+00
5.669570e+04 3.311311e+08 0.000000e+00
5.669570e+04 4.466836e+08 0.000000e+00
5.669570e+04 6.025596e+08 0.000000e+00
5.669570e+04 8.128305e+08 0.000000e+00
5.669570e+04 1.096478e+09 0.000000e+00
5.669570e+04 1.479108e+09 0.000000e+00
5.669570e+04 1.995262e+09 0.000000e+00
5.669570e+04 2.691535e+09 1.000000e-06
5.669570e+04 3.630781e+09 1.000000e-06
5.669570e+04 4.897788e+09 2.000000e-06
5.669570e+04 6.606934e+09 4.000000e-06
5.669570e+04 8.912509e+09 7.000000e-06
5.669570e+04 1.202264e+10 1.400000e-05
5.669570e+04 1.621810e+10 2.800000e-05
5.669570e+04 2.187762e+10 5.600000e-05
5.669570e+04 2.951209e+10 1.110000e-04
5.669570e+04 3.981072e+10 2.200000e-04
5.669570e+04 5.370318e+10 4.370000e-04
5.669570e+04 7.244360e+10 8.680000e-04
5.669570e+04 9.772372e+10 1.728000e-03
5.669570e+04 1.318257e+11 3.443000e-03
5.669570e+04 1.778279e+11 6.870000e-03
5.669570e+04 2.398833e+11 1.372300e-02
5.669570e+04 3.235937e+11 2.744300e-02
5.669570e+04 4.365158e+11 5.478100e-02
5.669570e+04 5.888437e+11 1.043980e-01
5.669570e+04 7.943282e+11 1.710080e-01
5.669570e+04 1.071519e+12 2.333750e-01
5.669570e+04 1.445440e+12 2.785290e-01
5.669570e+04 1.949845e+12 3.069300e-01
5.669570e+04 2.630268e+12 3.238850e-01
5.669570e+04 3.548134e+12 3.341370e-01
5.669570e+04 4.786301e+12 3.407330e-01
5.669570e+04 6.456542e+12 3.453770e-01
5.669570e+04 8.709636e+12 3.489440e-01
5.669570e+04 1.174898e+13 3.517580e-01
5.669570e+04 1.584893e+13 3.539890e-01
5.669570e+04 2.137962e+13 3.554370e-01
5.669570e+04 2.884032e+13 3.558210e-01
5.669570e+04 3.890451e+13 3.550620e-01
5.669570e+04 5.248075e+13 3.539590e-01
5.669570e+04 7.079458e+13 3.543400e-01
5.669570e+04 9.549926e+13 3.573110e-01
5.669570e+04 1.288250e+14 3.604160e-01
5.669570e+04 1.737801e+14 3.590900e-01
5.669570e+04 2.344229e+14 3.512950e-01
5.669570e+04 3.162278e+14 3.352150e-01
5.669570e+04 4.265795e+14 3.066610e-01
5.669570e+04 5.754399e+14 2.613860e-01
5.669570e+04 7.762471e+14 2.007840e-01
5.669570e+04 1.047129e+15 1.360790e-01
5.669570e+04 1.412538e+15 8.210400e-02
5.669570e+04 1.905461e+15 4.569500e-02
5.669570e+04 2.570396e+15 2.443200e-02
5.669570e+04 3.467369e+15 1.275400e-02
5.669570e+04 4.677351e+15 6.342000e-03
5.669570e+04 6.309573e+15 2.814000e-03
5.669570e+04 8.511380e+15 1.063000e-03
5.669570e+04 1.148154e+16 3.480000e-04
5.669570e+04 1.548817e+16 1.040000e-04
5.669570e+04 2.089296e+16 2.900000e-05
5.669570e+04 2.818383e+16 8.000000e-06
5.669570e+04 3.801894e+16 2.000000e-06
5.669570e+04 5.128614e+16 0.000000e+00
5.669570e+04 6.918310e+16 0.000000e+00
5.669570e+04 9.332543e+16 0.000000e+00
5.669570e+04 1.258925e+17 0.000000e+00
5.669570e+04 1.698244e+17 0.000000e+00
5.669570e+04 2.290868e+17 0.000000e+00
5.669570e+04 3.090295e+17 0.000000e+00
5.669570e+04 4.168694e+17 0.000000e+00
5.669570e+04 5.623413e+17 0.000000e+00
5.669570e+04 7.585776e+17 0.000000e+00
5.669570e+04 1.023293e+18 0.000000e+00
5.669570e+04 1.380384e+18 0.000000e+00
5.669570e+04 1.862087e+18 0.000000e+00
5.669570e+04 2.511886e+18 0.000000e+00
5.669570e+04 3.388442e+18 0.000000e+00
5.669570e+04 4.570882e+18 0.000000e+00
5.669570e+04 6.165950e+18 0.000000e+00
5.669570e+04 8.317638e+18 0.000000e+00
5.669570e+04 1.122018e+19 0.000000e+00
5.669570e+04 1.513561e+19 0.000000e+00
5.669570e+04 2.041738e+19 0.000000e+00
5.669570e+04 2.754229e+19 0.000000e+00
5.669570e+04 3.715352e+19 0.000000e+00
5.669570e+04 5.011872e+19 0.000000e+00
5.669570e+04 6.760830e+19 0.000000e+00
5.669570e+04 9.120108e+19 0.000000e+00
5.669570e+04 1.230269e+20 0.000000e+00
5.669570e+04 1.659587e+20 0.000000e+00
5.669570e+04 2.238721e+20 0.000000e+00
5.669570e+04 3.019952e+20 0.000000e+00
5.669570e+04 4.073803e+20 0.000000e+00
5.669570e+04 5.495409e+20 0.000000e+00
5.669570e+04 7.413102e+20 0.000000e+00
7.530000e+04 1.000000e+08 0.000000e+00
7.530000e+04 1.348963e+08 0.000000e+00
7.530000e+04 1.819701e+08 0.000000e+00
7.530000e+04 2.454709e+08 0.000000e+00
7.530000e+04 3.311311e+08 0.000000e+00
7.530000e+04 4.466836e+08 0.000000e+00
7.530000e+04 6.025596e+08 0.000000e+00
7.530000e+04 8.128305e+08 0.000000e+00
7.530000e+04 1.096478e+09 0.000000e+00
7.530000e+04 1.479108e+09 0.000000e+00
7.530000e+04 1.995262e+09 0.000000e+00
7.530000e+04 2.691535e+09 1.000000e-06
7.530000e+04 3.630781e+09 1.000000e-06
7.530000e+04 4.897788e+09 2.000000e-06
7.530000e+04 6.606934e+09 4.000000e-06
7.530000e+04 8.912509e+09 7.000000e-06
7.530000e+04 1.202264e+10 1.400000e-05
7.530000e+04 1.621810e+10 2.800000e-05
7.530000e+04 2.187762e+10 5.600000e-05
7.530000e+04 2.951209e+10 1.110000e-04
7.530000e+04 3.981072e+10 2.200000e-04
7.530000e+04 5.370318e+10 4.370000e-04
7.530000e+04 7.244360e+10 8.680000e-04
7.530000e+04 9.772372e+10 1.728000e-03
7.530000e+04 1.318257e+11 3.443000e-03
7.530000e+04 1.778279e+11 6.870000e-03
7.530000e+04 2.398833e+11 1.372300e-02
7.530000e+04 3.235937e+11 2.744300e-02
7.530000e+04 4.365158e+11 5.478100e-02
7.530000e+04 5.888437e+11 1.043980e-01
7.530000e+04 7.943282e+11 1.710080e-01
7.530000e+04 1.071519e+12 2.333750e-01
7.530000e+04 1.445440e+12 2.785290e-01
7.530000e+04 1.949845e+12 3.069320e-01
7.530000e+04 2.630268e+12 3.238880e-01
7.530000e+04 3.548134e+12 3.341450e-01
7.530000e+04 4.786301e+12 3.407510e-01
7.530000e+04 6.456542e+12 3.454170e-01
7.530000e+04 8.709636e+12 3.490350e-01
7.530000e+04 1.174898e+13 3.519870e-01
7.530000e+04 1.584893e+13 3.544690e-01
7.530000e+04 2.137962e+13 3.564070e-01
7.530000e+04 2.884032e+13 3.576500e-01
7.530000e+04 3.890451e+13 3.581410e-01
7.530000e+04 5.248075e+13 3.583120e-01
7.530000e+04 7.079458e+13 3.591920e-01
7.530000e+04 9.549926e+13 3.613680e-01
7.530000e+04 1.288250e+14 3.633000e-01
7.530000e+04 1.737801e+14 3.621680e-01
7.530000e+04 2.344229e+14 3.564520e-01
7.530000e+04 3.162278e+14 3.444130e-01
7.530000e+04 4.265795e+14 3.222860e-01
7.530000e+04 5.754399e+14 2.851820e-01
7.530000e+04 7.762471e+14 2.309380e-01
7.530000e+04 1.047129e+15 1.659500e-01
7.530000e+04 1.412538e+15 1.048720e-01
7.530000e+04 1.905461e+15 5.950800e-02
7.530000e+04 2.570396e+15 3.137200e-02
7.530000e+04 3.467369e+15 1.561600e-02
7.530000e+04 4.677351e+15 7.218000e-03
7.530000e+04 6.309573e+15 2.980000e-03
7.530000e+04 8.511380e+15 1.079000e-03
7.530000e+04 1.148154e+16 3.480000e-04
7.530000e+04 1.548817e+16 1.040000e-04
7.530000e+04 2.089296e+16 2.900000e-05
7.530000e+04 2.818383e+16 8.000000e-06
7.530000e+04 3.801894e+16 2.000000e-06
7.530000e+04 5.128614e+16 0.000000e+00
7.530000e+04 6.918310e+16 0.000000e+00
7.530000e+04 9.332543e+16 0.000000e+00
7.530000e+04 1.258925e+17 0.000000e+00
7.530000e+04 1.698244e+17 0.000000e+00
7.530000e+04 2.290868e+17 0.000000e+00
7.530000e+04 3.090295e+17 0.000000e+00
7.530000e+04 4.168694e+17 0.000000e+00
7.530000e+04 5.623413e+17 0.000000e+00
7.530000e+04 7.585776e+17 0.000000e+00
7.530000e+04 1.023293e+18 0.000000e+00
7.530000e+04 1.380384e+18 0.000000e+00
7.530000e+04 1.862087e+18 0.000000e+00
7.530000e+04 2.511886e+18 0.000000e+00
7.530000e+04 3.388442e+18 0.000000e+00
7.530000e+04 4.570882e+18 0.000000e+00
7.530000e+04 6.165950e+18 0.000000e+00
7.530000e+04 8.317638e+18 0.000000e+00
7.530000e+04 1.122018e+19 0.000000e+00
7.530000e+04 1.513561e+19 0.000000e+00
7.530000e+04 2.041738e+19 0.000000e+00
7.530000e+04 2.754229e+19 0.000000e+00
7.530000e+04 3.715352e+19 0.000000e+00
7.530000e+04 5.011872e+19 0.000000e+00
7.530000e+04 6.760830e+19 0.000000e+00
7.530000e+04 9.120108e+19 0.000000e+00
7.530000e+04 1.230269e+20 0.000000e+00
7.530000e+04 1.659587e+20 0.000000e+00
7.530000e+04 2.238721e+20 0.000000e+00
7.530000e+04 3.019952e+20 0.000000e+00
7.530000e+04 4.073803e+20 0.000000e+00
7.530000e+04 5.495409e+20 0.000000e+00
7.530000e+04 7.413102e+20 0.000000e+00
