Title: A Self-Consistent Particle Transport Model for Synchrotron Polarization with Application to 3C 454.3
Authors: Vedula K.T., Lewis T.R., Zhang H.C.
Table: Parameter Study Results (D0)
================================================================================
Byte-by-byte Description of file: parameter_study_D0_mrt.txt
--------------------------------------------------------------------------------
 Bytes Format Units  Label     Explanations
--------------------------------------------------------------------------------
 1-12  E12.7  ---    Value   [0.0/0.01] Swept D0 value, in its native unit
14-25  E12.7  Hz     Freq    [100000000.0/7.413102e+20] Frequency         
27-38  E12.7  ---    Pi      Polarization degree                          
--------------------------------------------------------------------------------
Notes:
--------------------------------------------------------------------------------
1.090000e-05 1.000000e+08 0.000000e+00
1.090000e-05 1.348963e+08 0.000000e+00
1.090000e-05 1.819701e+08 0.000000e+00
1.090000e-05 2.454709e+08 0.000000e+00
1.090000e-05 3.311311e+08 0.000000e+00
1.090000e-05 4.466836e+08 0.000000e+00
1.090000e-05 6.025596e+08 0.000000e+00
1.090000e-05 8.128305e+08 0.000000e+00
1.090000e-05 1.096478e+09 0.000000e+00
1.090000e-05 1.479108e+09 0.000000e+00
1.090000e-05 1.995262e+09 0.000000e+00
1.090000e-05 2.691535e+09 0.000000e+00
1.090000e-05 3.630781e+09 1.000000e-06
1.090000e-05 4.897788e+09 2.000000e-06
1.090000e-05 6.606934e+09 3.000000e-06
1.090000e-05 8.912509e+09 6.000000e-06
1.090000e-05 1.202264e+10 1.300000e-05
1.090000e-05 1.621810e+10 2.500000e-05
1.090000e-05 2.187762e+10 4.900000e-05
1.090000e-05 2.951209e+10 9.700000e-05
1.090000e-05 3.981072e+10 1.910000e-04
1.090000e-05 5.370318e+10 3.790000e-04
1.090000e-05 7.244360e+10 7.520000e-04
1.090000e-05 9.772372e+10 1.496000e-03
1.090000e-05 1.318257e+11 2.978000e-03
1.090000e-05 1.778279e+11 5.935000e-03
1.090000e-05 2.398833e+11 1.184100e-02
1.090000e-05 3.235937e+11 2.365000e-02
1.090000e-05 4.365158e+11 4.706900e-02
1.090000e-05 5.888437e+11 8.832900e-02
1.090000e-05 7.943282e+11 1.409660e-01
1.090000e-05 1.071519e+12 1.881500e-01
1.090000e-05 1.445440e+12 2.213730e-01
1.090000e-05 1.949845e+12 2.419320e-01
1.090000e-05 2.630268e+12 2.540860e-01
1.090000e-05 3.548134e+12 2.613760e-01
1.090000e-05 4.786301e+12 2.659970e-01
1.090000e-05 6.456542e+12 2.691100e-01
1.090000e-05 8.709636e+12 2.711980e-01
1.090000e-05 1.174898e+13 2.719520e-01
1.090000e-05 1.584893e+13 2.714520e-01
1.090000e-05 2.137962e+13 2.687550e-01
1.090000e-05 2.884032e+13 2.632950e-01
1.090000e-05 3.890451e+13 2.558390e-01
1.090000e-05 5.248075e+13 2.498940e-01
1.090000e-05 7.079458e+13 2.505630e-01
1.090000e-05 9.549926e+13 2.596990e-01
1.090000e-05 1.288250e+14 2.702300e-01
1.090000e-05 1.737801e+14 2.717400e-01
1.090000e-05 2.344229e+14 2.636470e-01
1.090000e-05 3.162278e+14 2.482610e-01
1.090000e-05 4.265795e+14 2.249110e-01
1.090000e-05 5.754399e+14 1.932590e-01
1.090000e-05 7.762471e+14 1.559610e-01
1.090000e-05 1.047129e+15 1.184350e-01
1.090000e-05 1.412538e+15 8.627500e-02
1.090000e-05 1.905461e+15 6.238200e-02
1.090000e-05 2.570396e+15 4.683900e-02
1.090000e-05 3.467369e+15 3.800900e-02
1.090000e-05 4.677351e+15 3.407800e-02
1.090000e-05 6.309573e+15 3.203600e-02
1.090000e-05 8.511380e+15 2.580800e-02
1.090000e-05 1.148154e+16 1.476700e-02
1.090000e-05 1.548817e+16 6.789000e-03
1.090000e-05 2.089296e+16 2.868000e-03
1.090000e-05 2.818383e+16 1.155000e-03
1.090000e-05 3.801894e+16 4.450000e-04
1.090000e-05 5.128614e+16 1.650000e-04
1.090000e-05 6.918310e+16 5.900000e-05
1.090000e-05 9.332543e+16 2.000000e-05
1.090000e-05 1.258925e+17 7.000000e-06
1.090000e-05 1.698244e+17 2.000000e-06
1.090000e-05 2.290868e+17 1.000000e-06
1.090000e-05 3.090295e+17 0.000000e+00
1.090000e-05 4.168694e+17 0.000000e+00
1.090000e-05 5.623413e+17 0.000000e+00
1.090000e-05 7.585776e+17 0.000000e+00
1.090000e-05 1.023293e+18 0.000000e+00
1.090000e-05 1.380384e+18 0.000000e+00
1.090000e-05 1.862087e+18 0.000000e+00
1.090000e-05 2.511886e+18 0.000000e+00
1.090000e-05 3.388442e+18 0.000000e+00
1.090000e-05 4.570882e+18 0.000000e+00
1.090000e-05 6.165950e+18 0.000000e+00
1.090000e-05 8.317638e+18 0.000000e+00
1.090000e-05 1.122018e+19 0.000000e+00
1.090000e-05 1.513561e+19 0.000000e+00
1.090000e-05 2.041738e+19 0.000000e+00
1.090000e-05 2.754229e+19 0.000000e+00
1.090000e-05 3.715352e+19 0.000000e+00
1.090000e-05 5.011872e+19 0.000000e+00
1.090000e-05 6.760830e+19 0.000000e+00
1.090000e-05 9.120108e+19 0.000000e+00
1.090000e-05 1.230269e+20 0.000000e+00
1.090000e-05 1.659587e+20 0.000000e+00
1.090000e-05 2.238721e+20 0.000000e+00
1.090000e-05 3.019952e+20 0.000000e+00
1.090000e-05 4.073803e+20 0.000000e+00
1.090000e-05 5.495409e+20 0.000000e+00
1.090000e-05 7.413102e+20 0.000000e+00
1.698060e-05 1.000000e+08 0.000000e+00
1.698060e-05 1.348963e+08 0.000000e+00
1.698060e-05 1.819701e+08 0.000000e+00
1.698060e-05 2.454709e+08 0.000000e+00
1.698060e-05 3.311311e+08 0.000000e+00
1.698060e-05 4.466836e+08 0.000000e+00
1.698060e-05 6.025596e+08 0.000000e+00
1.698060e-05 8.128305e+08 0.000000e+00
1.698060e-05 1.096478e+09 0.000000e+00
1.698060e-05 1.479108e+09 0.000000e+00
1.698060e-05 1.995262e+09 0.000000e+00
1.698060e-05 2.691535e+09 0.000000e+00
1.698060e-05 3.630781e+09 1.000000e-06
1.698060e-05 4.897788e+09 1.000000e-06
1.698060e-05 6.606934e+09 3.000000e-06
1.698060e-05 8.912509e+09 5.000000e-06
1.698060e-05 1.202264e+10 1.100000e-05
1.698060e-05 1.621810e+10 2.100000e-05
1.698060e-05 2.187762e+10 4.100000e-05
1.698060e-05 2.951209e+10 8.100000e-05
1.698060e-05 3.981072e+10 1.610000e-04
1.698060e-05 5.370318e+10 3.190000e-04
1.698060e-05 7.244360e+10 6.330000e-04
1.698060e-05 9.772372e+10 1.256000e-03
1.698060e-05 1.318257e+11 2.499000e-03
1.698060e-05 1.778279e+11 4.974000e-03
1.698060e-05 2.398833e+11 9.913000e-03
1.698060e-05 3.235937e+11 1.977700e-02
1.698060e-05 4.365158e+11 3.921100e-02
1.698060e-05 5.888437e+11 7.234500e-02
1.698060e-05 7.943282e+11 1.125590e-01
1.698060e-05 1.071519e+12 1.471690e-01
1.698060e-05 1.445440e+12 1.709060e-01
1.698060e-05 1.949845e+12 1.853540e-01
1.698060e-05 2.630268e+12 1.937980e-01
1.698060e-05 3.548134e+12 1.988200e-01
1.698060e-05 4.786301e+12 2.019850e-01
1.698060e-05 6.456542e+12 2.041240e-01
1.698060e-05 8.709636e+12 2.056010e-01
1.698060e-05 1.174898e+13 2.062940e-01
1.698060e-05 1.584893e+13 2.063320e-01
1.698060e-05 2.137962e+13 2.052830e-01
1.698060e-05 2.884032e+13 2.029780e-01
1.698060e-05 3.890451e+13 1.999580e-01
1.698060e-05 5.248075e+13 1.980980e-01
1.698060e-05 7.079458e+13 1.998090e-01
1.698060e-05 9.549926e+13 2.053870e-01
1.698060e-05 1.288250e+14 2.110040e-01
1.698060e-05 1.737801e+14 2.126950e-01
1.698060e-05 2.344229e+14 2.110620e-01
1.698060e-05 3.162278e+14 2.073800e-01
1.698060e-05 4.265795e+14 2.014980e-01
1.698060e-05 5.754399e+14 1.928980e-01
1.698060e-05 7.762471e+14 1.813910e-01
1.698060e-05 1.047129e+15 1.674640e-01
1.698060e-05 1.412538e+15 1.526020e-01
1.698060e-05 1.905461e+15 1.391300e-01
1.698060e-05 2.570396e+15 1.298470e-01
1.698060e-05 3.467369e+15 1.268330e-01
1.698060e-05 4.677351e+15 1.306910e-01
1.698060e-05 6.309573e+15 1.371490e-01
1.698060e-05 8.511380e+15 1.340660e-01
1.698060e-05 1.148154e+16 1.126720e-01
1.698060e-05 1.548817e+16 8.225500e-02
1.698060e-05 2.089296e+16 5.397400e-02
1.698060e-05 2.818383e+16 3.250000e-02
1.698060e-05 3.801894e+16 1.824800e-02
1.698060e-05 5.128614e+16 9.704000e-03
1.698060e-05 6.918310e+16 4.948000e-03
1.698060e-05 9.332543e+16 2.438000e-03
1.698060e-05 1.258925e+17 1.164000e-03
1.698060e-05 1.698244e+17 5.390000e-04
1.698060e-05 2.290868e+17 2.420000e-04
1.698060e-05 3.090295e+17 1.050000e-04
1.698060e-05 4.168694e+17 4.400000e-05
1.698060e-05 5.623413e+17 1.800000e-05
1.698060e-05 7.585776e+17 7.000000e-06
1.698060e-05 1.023293e+18 3.000000e-06
1.698060e-05 1.380384e+18 1.000000e-06
1.698060e-05 1.862087e+18 0.000000e+00
1.698060e-05 2.511886e+18 0.000000e+00
1.698060e-05 3.388442e+18 0.000000e+00
1.698060e-05 4.570882e+18 0.000000e+00
1.698060e-05 6.165950e+18 0.000000e+00
1.698060e-05 8.317638e+18 0.000000e+00
1.698060e-05 1.122018e+19 0.000000e+00
1.698060e-05 1.513561e+19 0.000000e+00
1.698060e-05 2.041738e+19 0.000000e+00
1.698060e-05 2.754229e+19 0.000000e+00
1.698060e-05 3.715352e+19 0.000000e+00
1.698060e-05 5.011872e+19 0.000000e+00
1.698060e-05 6.760830e+19 0.000000e+00
1.698060e-05 9.120108e+19 0.000000e+00
1.698060e-05 1.230269e+20 0.000000e+00
1.698060e-05 1.659587e+20 0.000000e+00
1.698060e-05 2.238721e+20 0.000000e+00
1.698060e-05 3.019952e+20 0.000000e+00
1.698060e-05 4.073803e+20 0.000000e+00
1.698060e-05 5.495409e+20 0.000000e+00
1.698060e-05 7.413102e+20 0.000000e+00
2.645340e-05 1.000000e+08 0.000000e+00
2.645340e-05 1.348963e+08 0.000000e+00
2.645340e-05 1.819701e+08 0.000000e+00
2.645340e-05 2.454709e+08 0.000000e+00
2.645340e-05 3.311311e+08 0.000000e+00
2.645340e-05 4.466836e+08 0.000000e+00
2.645340e-05 6.025596e+08 0.000000e+00
2.645340e-05 8.128305e+08 0.000000e+00
2.645340e-05 1.096478e+09 0.000000e+00
2.645340e-05 1.479108e+09 0.000000e+00
2.645340e-05 1.995262e+09 0.000000e+00
2.645340e-05 2.691535e+09 0.000000e+00
2.645340e-05 3.630781e+09 1.000000e-06
2.645340e-05 4.897788e+09 1.000000e-06
2.645340e-05 6.606934e+09 2.000000e-06
2.645340e-05 8.912509e+09 4.000000e-06
2.645340e-05 1.202264e+10 9.000000e-06
2.645340e-05 1.621810e+10 1.700000e-05
2.645340e-05 2.187762e+10 3.400000e-05
2.645340e-05 2.951209e+10 6.700000e-05
2.645340e-05 3.981072e+10 1.320000e-04
2.645340e-05 5.370318e+10 2.620000e-04
2.645340e-05 7.244360e+10 5.190000e-04
2.645340e-05 9.772372e+10 1.029000e-03
2.645340e-05 1.318257e+11 2.045000e-03
2.645340e-05 1.778279e+11 4.067000e-03
2.645340e-05 2.398833e+11 8.098000e-03
2.645340e-05 3.235937e+11 1.613700e-02
2.645340e-05 4.365158e+11 3.184600e-02
2.645340e-05 5.888437e+11 5.768600e-02
2.645340e-05 7.943282e+11 8.755100e-02
2.645340e-05 1.071519e+12 1.122900e-01
2.645340e-05 1.445440e+12 1.288380e-01
2.645340e-05 1.949845e+12 1.387430e-01
2.645340e-05 2.630268e+12 1.444510e-01
2.645340e-05 3.548134e+12 1.477970e-01
2.645340e-05 4.786301e+12 1.498730e-01
2.645340e-05 6.456542e+12 1.512550e-01
2.645340e-05 8.709636e+12 1.522020e-01
2.645340e-05 1.174898e+13 1.526570e-01
2.645340e-05 1.584893e+13 1.527410e-01
2.645340e-05 2.137962e+13 1.522290e-01
2.645340e-05 2.884032e+13 1.510850e-01
2.645340e-05 3.890451e+13 1.496830e-01
2.645340e-05 5.248075e+13 1.490990e-01
2.645340e-05 7.079458e+13 1.505530e-01
2.645340e-05 9.549926e+13 1.539290e-01
2.645340e-05 1.288250e+14 1.570790e-01
2.645340e-05 1.737801e+14 1.582660e-01
2.645340e-05 2.344229e+14 1.580570e-01
2.645340e-05 3.162278e+14 1.571790e-01
2.645340e-05 4.265795e+14 1.556940e-01
2.645340e-05 5.754399e+14 1.535160e-01
2.645340e-05 7.762471e+14 1.506530e-01
2.645340e-05 1.047129e+15 1.472930e-01
2.645340e-05 1.412538e+15 1.439220e-01
2.645340e-05 1.905461e+15 1.413570e-01
2.645340e-05 2.570396e+15 1.406810e-01
2.645340e-05 3.467369e+15 1.426150e-01
2.645340e-05 4.677351e+15 1.468420e-01
2.645340e-05 6.309573e+15 1.512160e-01
2.645340e-05 8.511380e+15 1.526510e-01
2.645340e-05 1.148154e+16 1.495850e-01
2.645340e-05 1.548817e+16 1.427700e-01
2.645340e-05 2.089296e+16 1.327600e-01
2.645340e-05 2.818383e+16 1.194480e-01
2.645340e-05 3.801894e+16 1.029070e-01
2.645340e-05 5.128614e+16 8.403500e-02
2.645340e-05 6.918310e+16 6.458200e-02
2.645340e-05 9.332543e+16 4.661000e-02
2.645340e-05 1.258925e+17 3.166400e-02
2.645340e-05 1.698244e+17 2.036600e-02
2.645340e-05 2.290868e+17 1.249200e-02
2.645340e-05 3.090295e+17 7.339000e-03
2.645340e-05 4.168694e+17 4.141000e-03
2.645340e-05 5.623413e+17 2.253000e-03
2.645340e-05 7.585776e+17 1.209000e-03
2.645340e-05 1.023293e+18 6.600000e-04
2.645340e-05 1.380384e+18 3.520000e-04
2.645340e-05 1.862087e+18 1.830000e-04
2.645340e-05 2.511886e+18 9.100000e-05
2.645340e-05 3.388442e+18 4.400000e-05
2.645340e-05 4.570882e+18 2.000000e-05
2.645340e-05 6.165950e+18 1.000000e-05
2.645340e-05 8.317638e+18 5.000000e-06
2.645340e-05 1.122018e+19 2.000000e-06
2.645340e-05 1.513561e+19 1.000000e-06
2.645340e-05 2.041738e+19 0.000000e+00
2.645340e-05 2.754229e+19 0.000000e+00
2.645340e-05 3.715352e+19 0.000000e+00
2.645340e-05 5.011872e+19 0.000000e+00
2.645340e-05 6.760830e+19 0.000000e+00
2.645340e-05 9.120108e+19 0.000000e+00
2.645340e-05 1.230269e+20 0.000000e+00
2.645340e-05 1.659587e+20 0.000000e+00
2.645340e-05 2.238721e+20 0.000000e+00
2.645340e-05 3.019952e+20 0.000000e+00
2.645340e-05 4.073803e+20 0.000000e+00
2.645340e-05 5.495409e+20 0.000000e+00
2.645340e-05 7.413102e+20 0.000000e+00
4.121050e-05 1.000000e+08 0.000000e+00
4.121050e-05 1.348963e+08 0.000000e+00
4.121050e-05 1.819701e+08 0.000000e+00
4.121050e-05 2.454709e+08 0.000000e+00
4.121050e-05 3.311311e+08 0.000000e+00
4.121050e-05 4.466836e+08 0.000000e+00
4.121050e-05 6.025596e+08 0.000000e+00
4.121050e-05 8.128305e+08 0.000000e+00
4.121050e-05 1.096478e+09 0.000000e+00
4.121050e-05 1.479108e+09 0.000000e+00
4.121050e-05 1.995262e+09 0.000000e+00
4.121050e-05 2.691535e+09 0.000000e+00
4.121050e-05 3.630781e+09 0.000000e+00
4.121050e-05 4.897788e+09 1.000000e-06
4.121050e-05 6.606934e+09 2.000000e-06
4.121050e-05 8.912509e+09 4.000000e-06
4.121050e-05 1.202264e+10 7.000000e-06
4.121050e-05 1.621810e+10 1.400000e-05
4.121050e-05 2.187762e+10 2.700000e-05
4.121050e-05 2.951209e+10 5.400000e-05
4.121050e-05 3.981072e+10 1.070000e-04
4.121050e-05 5.370318e+10 2.110000e-04
4.121050e-05 7.244360e+10 4.180000e-04
4.121050e-05 9.772372e+10 8.280000e-04
4.121050e-05 1.318257e+11 1.644000e-03
4.121050e-05 1.778279e+11 3.268000e-03
4.121050e-05 2.398833e+11 6.501000e-03
4.121050e-05 3.235937e+11 1.294200e-02
4.121050e-05 4.365158e+11 2.539400e-02
4.121050e-05 5.888437e+11 4.509100e-02
4.121050e-05 7.943282e+11 6.678300e-02
4.121050e-05 1.071519e+12 8.410700e-02
4.121050e-05 1.445440e+12 9.542400e-02
4.121050e-05 1.949845e+12 1.020850e-01
4.121050e-05 2.630268e+12 1.058640e-01
4.121050e-05 3.548134e+12 1.080390e-01
4.121050e-05 4.786301e+12 1.093580e-01
4.121050e-05 6.456542e+12 1.102090e-01
4.121050e-05 8.709636e+12 1.107700e-01
4.121050e-05 1.174898e+13 1.110110e-01
4.121050e-05 1.584893e+13 1.110230e-01
4.121050e-05 2.137962e+13 1.106810e-01
4.121050e-05 2.884032e+13 1.099910e-01
4.121050e-05 3.890451e+13 1.092110e-01
4.121050e-05 5.248075e+13 1.090020e-01
4.121050e-05 7.079458e+13 1.100320e-01
4.121050e-05 9.549926e+13 1.121130e-01
4.121050e-05 1.288250e+14 1.139620e-01
4.121050e-05 1.737801e+14 1.147120e-01
4.121050e-05 2.344229e+14 1.147720e-01
4.121050e-05 3.162278e+14 1.145660e-01
4.121050e-05 4.265795e+14 1.141660e-01
4.121050e-05 5.754399e+14 1.135720e-01
4.121050e-05 7.762471e+14 1.128300e-01
4.121050e-05 1.047129e+15 1.120480e-01
4.121050e-05 1.412538e+15 1.114300e-01
4.121050e-05 1.905461e+15 1.112620e-01
4.121050e-05 2.570396e+15 1.118500e-01
4.121050e-05 3.467369e+15 1.132660e-01
4.121050e-05 4.677351e+15 1.151850e-01
4.121050e-05 6.309573e+15 1.168940e-01
4.121050e-05 8.511380e+15 1.177850e-01
4.121050e-05 1.148154e+16 1.178030e-01
4.121050e-05 1.548817e+16 1.172810e-01
4.121050e-05 2.089296e+16 1.163840e-01
4.121050e-05 2.818383e+16 1.150590e-01
4.121050e-05 3.801894e+16 1.131530e-01
4.121050e-05 5.128614e+16 1.104650e-01
4.121050e-05 6.918310e+16 1.067500e-01
4.121050e-05 9.332543e+16 1.017310e-01
4.121050e-05 1.258925e+17 9.512100e-02
4.121050e-05 1.698244e+17 8.671400e-02
4.121050e-05 2.290868e+17 7.650600e-02
4.121050e-05 3.090295e+17 6.477400e-02
4.121050e-05 4.168694e+17 5.218700e-02
4.121050e-05 5.623413e+17 3.980500e-02
4.121050e-05 7.585776e+17 2.907300e-02
4.121050e-05 1.023293e+18 2.085600e-02
4.121050e-05 1.380384e+18 1.438900e-02
4.121050e-05 1.862087e+18 9.531000e-03
4.121050e-05 2.511886e+18 6.050000e-03
4.121050e-05 3.388442e+18 3.665000e-03
4.121050e-05 4.570882e+18 2.174000e-03
4.121050e-05 6.165950e+18 1.355000e-03
4.121050e-05 8.317638e+18 7.950000e-04
4.121050e-05 1.122018e+19 4.330000e-04
4.121050e-05 1.513561e+19 2.130000e-04
4.121050e-05 2.041738e+19 9.200000e-05
4.121050e-05 2.754229e+19 3.300000e-05
4.121050e-05 3.715352e+19 9.000000e-06
4.121050e-05 5.011872e+19 2.000000e-06
4.121050e-05 6.760830e+19 0.000000e+00
4.121050e-05 9.120108e+19 0.000000e+00
4.121050e-05 1.230269e+20 0.000000e+00
4.121050e-05 1.659587e+20 0.000000e+00
4.121050e-05 2.238721e+20 0.000000e+00
4.121050e-05 3.019952e+20 0.000000e+00
4.121050e-05 4.073803e+20 0.000000e+00
4.121050e-05 5.495409e+20 0.000000e+00
4.121050e-05 7.413102e+20 0.000000e+00
6.420000e-05 1.000000e+08 0.000000e+00
6.420000e-05 1.348963e+08 0.000000e+00
6.420000e-05 1.819701e+08 0.000000e+00
6.420000e-05 2.454709e+08 0.000000e+00
6.420000e-05 3.311311e+08 0.000000e+00
6.420000e-05 4.466836e+08 0.000000e+00
6.420000e-05 6.025596e+08 0.000000e+00
6.420000e-05 8.128305e+08 0.000000e+00
6.420000e-05 1.096478e+09 0.000000e+00
6.420000e-05 1.479108e+09 0.000000e+00
6.420000e-05 1.995262e+09 0.000000e+00
6.420000e-05 2.691535e+09 0.000000e+00
6.420000e-05 3.630781e+09 0.000000e+00
6.420000e-05 4.897788e+09 1.000000e-06
6.420000e-05 6.606934e+09 1.000000e-06
6.420000e-05 8.912509e+09 3.000000e-06
6.420000e-05 1.202264e+10 6.000000e-06
6.420000e-05 1.621810e+10 1.100000e-05
6.420000e-05 2.187762e+10 2.200000e-05
6.420000e-05 2.951209e+10 4.300000e-05
6.420000e-05 3.981072e+10 8.500000e-05
6.420000e-05 5.370318e+10 1.680000e-04
6.420000e-05 7.244360e+10 3.330000e-04
6.420000e-05 9.772372e+10 6.610000e-04
6.420000e-05 1.318257e+11 1.311000e-03
6.420000e-05 1.778279e+11 2.603000e-03
6.420000e-05 2.398833e+11 5.174000e-03
6.420000e-05 3.235937e+11 1.029000e-02
6.420000e-05 4.365158e+11 2.004500e-02
6.420000e-05 5.888437e+11 3.482400e-02
6.420000e-05 7.943282e+11 5.032500e-02
6.420000e-05 1.071519e+12 6.227500e-02
6.420000e-05 1.445440e+12 6.990400e-02
6.420000e-05 1.949845e+12 7.432200e-02
6.420000e-05 2.630268e+12 7.678900e-02
6.420000e-05 3.548134e+12 7.818000e-02
6.420000e-05 4.786301e+12 7.900000e-02
6.420000e-05 6.456542e+12 7.950600e-02
6.420000e-05 8.709636e+12 7.981800e-02
6.420000e-05 1.174898e+13 7.991200e-02
6.420000e-05 1.584893e+13 7.985900e-02
6.420000e-05 2.137962e+13 7.957900e-02
6.420000e-05 2.884032e+13 7.909100e-02
6.420000e-05 3.890451e+13 7.857800e-02
6.420000e-05 5.248075e+13 7.846900e-02
6.420000e-05 7.079458e+13 7.916200e-02
6.420000e-05 9.549926e+13 8.048300e-02
6.420000e-05 1.288250e+14 8.161400e-02
6.420000e-05 1.737801e+14 8.207200e-02
6.420000e-05 2.344229e+14 8.214300e-02
6.420000e-05 3.162278e+14 8.209000e-02
6.420000e-05 4.265795e+14 8.196500e-02
6.420000e-05 5.754399e+14 8.178000e-02
6.420000e-05 7.762471e+14 8.156900e-02
6.420000e-05 1.047129e+15 8.139000e-02
6.420000e-05 1.412538e+15 8.133600e-02
6.420000e-05 1.905461e+15 8.151400e-02
6.420000e-05 2.570396e+15 8.201300e-02
6.420000e-05 3.467369e+15 8.280200e-02
6.420000e-05 4.677351e+15 8.370900e-02
6.420000e-05 6.309573e+15 8.447900e-02
6.420000e-05 8.511380e+15 8.496600e-02
6.420000e-05 1.148154e+16 8.522000e-02
6.420000e-05 1.548817e+16 8.537800e-02
6.420000e-05 2.089296e+16 8.551000e-02
6.420000e-05 2.818383e+16 8.562400e-02
6.420000e-05 3.801894e+16 8.571400e-02
6.420000e-05 5.128614e+16 8.576600e-02
6.420000e-05 6.918310e+16 8.575800e-02
6.420000e-05 9.332543e+16 8.566300e-02
6.420000e-05 1.258925e+17 8.544200e-02
6.420000e-05 1.698244e+17 8.503900e-02
6.420000e-05 2.290868e+17 8.437100e-02
6.420000e-05 3.090295e+17 8.330400e-02
6.420000e-05 4.168694e+17 8.163700e-02
6.420000e-05 5.623413e+17 7.911200e-02
6.420000e-05 7.585776e+17 7.565000e-02
6.420000e-05 1.023293e+18 7.148100e-02
6.420000e-05 1.380384e+18 6.602000e-02
6.420000e-05 1.862087e+18 5.911000e-02
6.420000e-05 2.511886e+18 5.078200e-02
6.420000e-05 3.388442e+18 4.130600e-02
6.420000e-05 4.570882e+18 3.180400e-02
6.420000e-05 6.165950e+18 2.316400e-02
6.420000e-05 8.317638e+18 1.584700e-02
6.420000e-05 1.122018e+19 9.985000e-03
6.420000e-05 1.513561e+19 5.637000e-03
6.420000e-05 2.041738e+19 2.741000e-03
6.420000e-05 2.754229e+19 1.084000e-03
6.420000e-05 3.715352e+19 3.220000e-04
6.420000e-05 5.011872e+19 6.500000e-05
6.420000e-05 6.760830e+19 8.000000e-06
6.420000e-05 9.120108e+19 0.000000e+00
6.420000e-05 1.230269e+20 0.000000e+00
6.420000e-05 1.659587e+20 0.000000e+00
6.420000e-05 2.238721e+20 0.000000e+00
6.420000e-05 3.019952e+20 0.000000e+00
6.420000e-05 4.073803e+20 0.000000e+00
6.420000e-05 5.495409e+20 0.000000e+00
6.420000e-05 7.413102e+20 0.000000e+00
