Title: A Self-Consistent Particle Transport Model for Synchrotron Polarization with Application to 3C 454.3
Authors: Vedula K.T., Lewis T.R., Zhang H.C.
Table: Parameter Study Results (xi)
================================================================================
Byte-by-byte Description of file: parameter_study_xi_mrt.txt
--------------------------------------------------------------------------------
 Bytes Format Units  Label     Explanations
--------------------------------------------------------------------------------
 1-12  E12.7  ---    Value   [0.07/0.22] Swept xi value, in its native unit
14-25  E12.7  Hz     Freq    [100000000.0/7.413102e+20] Frequency          
27-38  E12.7  ---    Pi      Polarization degree                           
--------------------------------------------------------------------------------
Notes:
--------------------------------------------------------------------------------
7.000000e-02 1.000000e+08 0.000000e+00
7.000000e-02 1.348963e+08 0.000000e+00
7.000000e-02 1.819701e+08 0.000000e+00
7.000000e-02 2.454709e+08 0.000000e+00
7.000000e-02 3.311311e+08 0.000000e+00
7.000000e-02 4.466836e+08 0.000000e+00
7.000000e-02 6.025596e+08 0.000000e+00
7.000000e-02 8.128305e+08 0.000000e+00
7.000000e-02 1.096478e+09 0.000000e+00
7.000000e-02 1.479108e+09 0.000000e+00
7.000000e-02 1.995262e+09 0.000000e+00
7.000000e-02 2.691535e+09 1.000000e-06
7.000000e-02 3.630781e+09 1.000000e-06
7.000000e-02 4.897788e+09 3.000000e-06
7.000000e-02 6.606934e+09 6.000000e-06
7.000000e-02 8.912509e+09 1.100000e-05
7.000000e-02 1.202264e+10 2.100000e-05
7.000000e-02 1.621810e+10 4.200000e-05
7.000000e-02 2.187762e+10 8.200000e-05
7.000000e-02 2.951209e+10 1.620000e-04
7.000000e-02 3.981072e+10 3.200000e-04
7.000000e-02 5.370318e+10 6.330000e-04
7.000000e-02 7.244360e+10 1.255000e-03
7.000000e-02 9.772372e+10 2.489000e-03
7.000000e-02 1.318257e+11 4.946000e-03
7.000000e-02 1.778279e+11 9.836000e-03
7.000000e-02 2.398833e+11 1.958500e-02
7.000000e-02 3.235937e+11 3.902800e-02
7.000000e-02 4.365158e+11 7.702700e-02
7.000000e-02 5.888437e+11 1.395410e-01
7.000000e-02 7.943282e+11 2.118110e-01
7.000000e-02 1.071519e+12 2.717000e-01
7.000000e-02 1.445440e+12 3.117880e-01
7.000000e-02 1.949845e+12 3.358170e-01
7.000000e-02 2.630268e+12 3.497160e-01
7.000000e-02 3.548134e+12 3.579360e-01
7.000000e-02 4.786301e+12 3.631530e-01
7.000000e-02 6.456542e+12 3.668120e-01
7.000000e-02 8.709636e+12 3.696520e-01
7.000000e-02 1.174898e+13 3.717190e-01
7.000000e-02 1.584893e+13 3.735840e-01
7.000000e-02 2.137962e+13 3.750170e-01
7.000000e-02 2.884032e+13 3.759990e-01
7.000000e-02 3.890451e+13 3.767290e-01
7.000000e-02 5.248075e+13 3.778350e-01
7.000000e-02 7.079458e+13 3.800400e-01
7.000000e-02 9.549926e+13 3.831800e-01
7.000000e-02 1.288250e+14 3.858310e-01
7.000000e-02 1.737801e+14 3.868750e-01
7.000000e-02 2.344229e+14 3.864820e-01
7.000000e-02 3.162278e+14 3.848370e-01
7.000000e-02 4.265795e+14 3.817120e-01
7.000000e-02 5.754399e+14 3.768180e-01
7.000000e-02 7.762471e+14 3.701000e-01
7.000000e-02 1.047129e+15 3.619410e-01
7.000000e-02 1.412538e+15 3.534900e-01
7.000000e-02 1.905461e+15 3.467870e-01
7.000000e-02 2.570396e+15 3.446830e-01
7.000000e-02 3.467369e+15 3.492750e-01
7.000000e-02 4.677351e+15 3.601250e-01
7.000000e-02 6.309573e+15 3.716920e-01
7.000000e-02 8.511380e+15 3.747760e-01
7.000000e-02 1.148154e+16 3.634140e-01
7.000000e-02 1.548817e+16 3.383490e-01
7.000000e-02 2.089296e+16 3.007320e-01
7.000000e-02 2.818383e+16 2.511760e-01
7.000000e-02 3.801894e+16 1.933220e-01
7.000000e-02 5.128614e+16 1.351200e-01
7.000000e-02 6.918310e+16 8.541800e-02
7.000000e-02 9.332543e+16 4.916100e-02
7.000000e-02 1.258925e+17 2.604100e-02
7.000000e-02 1.698244e+17 1.282700e-02
7.000000e-02 2.290868e+17 5.918000e-03
7.000000e-02 3.090295e+17 2.560000e-03
7.000000e-02 4.168694e+17 1.036000e-03
7.000000e-02 5.623413e+17 3.910000e-04
7.000000e-02 7.585776e+17 1.370000e-04
7.000000e-02 1.023293e+18 4.500000e-05
7.000000e-02 1.380384e+18 1.400000e-05
7.000000e-02 1.862087e+18 4.000000e-06
7.000000e-02 2.511886e+18 1.000000e-06
7.000000e-02 3.388442e+18 0.000000e+00
7.000000e-02 4.570882e+18 0.000000e+00
7.000000e-02 6.165950e+18 0.000000e+00
7.000000e-02 8.317638e+18 0.000000e+00
7.000000e-02 1.122018e+19 0.000000e+00
7.000000e-02 1.513561e+19 0.000000e+00
7.000000e-02 2.041738e+19 0.000000e+00
7.000000e-02 2.754229e+19 0.000000e+00
7.000000e-02 3.715352e+19 0.000000e+00
7.000000e-02 5.011872e+19 0.000000e+00
7.000000e-02 6.760830e+19 0.000000e+00
7.000000e-02 9.120108e+19 0.000000e+00
7.000000e-02 1.230269e+20 0.000000e+00
7.000000e-02 1.659587e+20 0.000000e+00
7.000000e-02 2.238721e+20 0.000000e+00
7.000000e-02 3.019952e+20 0.000000e+00
7.000000e-02 4.073803e+20 0.000000e+00
7.000000e-02 5.495409e+20 0.000000e+00
7.000000e-02 7.413102e+20 0.000000e+00
9.320290e-02 1.000000e+08 0.000000e+00
9.320290e-02 1.348963e+08 0.000000e+00
9.320290e-02 1.819701e+08 0.000000e+00
9.320290e-02 2.454709e+08 0.000000e+00
9.320290e-02 3.311311e+08 0.000000e+00
9.320290e-02 4.466836e+08 0.000000e+00
9.320290e-02 6.025596e+08 0.000000e+00
9.320290e-02 8.128305e+08 0.000000e+00
9.320290e-02 1.096478e+09 0.000000e+00
9.320290e-02 1.479108e+09 0.000000e+00
9.320290e-02 1.995262e+09 0.000000e+00
9.320290e-02 2.691535e+09 1.000000e-06
9.320290e-02 3.630781e+09 1.000000e-06
9.320290e-02 4.897788e+09 3.000000e-06
9.320290e-02 6.606934e+09 5.000000e-06
9.320290e-02 8.912509e+09 1.000000e-05
9.320290e-02 1.202264e+10 2.000000e-05
9.320290e-02 1.621810e+10 3.900000e-05
9.320290e-02 2.187762e+10 7.700000e-05
9.320290e-02 2.951209e+10 1.510000e-04
9.320290e-02 3.981072e+10 2.990000e-04
9.320290e-02 5.370318e+10 5.920000e-04
9.320290e-02 7.244360e+10 1.174000e-03
9.320290e-02 9.772372e+10 2.331000e-03
9.320290e-02 1.318257e+11 4.633000e-03
9.320290e-02 1.778279e+11 9.219000e-03
9.320290e-02 2.398833e+11 1.836600e-02
9.320290e-02 3.235937e+11 3.662100e-02
9.320290e-02 4.365158e+11 7.247000e-02
9.320290e-02 5.888437e+11 1.326400e-01
9.320290e-02 7.943282e+11 2.040860e-01
9.320290e-02 1.071519e+12 2.645320e-01
9.320290e-02 1.445440e+12 3.055370e-01
9.320290e-02 1.949845e+12 3.303360e-01
9.320290e-02 2.630268e+12 3.447810e-01
9.320290e-02 3.548134e+12 3.533800e-01
9.320290e-02 4.786301e+12 3.588650e-01
9.320290e-02 6.456542e+12 3.627190e-01
9.320290e-02 8.709636e+12 3.656850e-01
9.320290e-02 1.174898e+13 3.677760e-01
9.320290e-02 1.584893e+13 3.695440e-01
9.320290e-02 2.137962e+13 3.706800e-01
9.320290e-02 2.884032e+13 3.711130e-01
9.320290e-02 3.890451e+13 3.711050e-01
9.320290e-02 5.248075e+13 3.716030e-01
9.320290e-02 7.079458e+13 3.737910e-01
9.320290e-02 9.549926e+13 3.775630e-01
9.320290e-02 1.288250e+14 3.807460e-01
9.320290e-02 1.737801e+14 3.814350e-01
9.320290e-02 2.344229e+14 3.798070e-01
9.320290e-02 3.162278e+14 3.761240e-01
9.320290e-02 4.265795e+14 3.699310e-01
9.320290e-02 5.754399e+14 3.606170e-01
9.320290e-02 7.762471e+14 3.479170e-01
9.320290e-02 1.047129e+15 3.322740e-01
9.320290e-02 1.412538e+15 3.153490e-01
9.320290e-02 1.905461e+15 3.001490e-01
9.320290e-02 2.570396e+15 2.908620e-01
9.320290e-02 3.467369e+15 2.909290e-01
9.320290e-02 4.677351e+15 3.009830e-01
9.320290e-02 6.309573e+15 3.137860e-01
9.320290e-02 8.511380e+15 3.125570e-01
9.320290e-02 1.148154e+16 2.844320e-01
9.320290e-02 1.548817e+16 2.351160e-01
9.320290e-02 2.089296e+16 1.766360e-01
9.320290e-02 2.818383e+16 1.199700e-01
9.320290e-02 3.801894e+16 7.371700e-02
9.320290e-02 5.128614e+16 4.142300e-02
9.320290e-02 6.918310e+16 2.160000e-02
9.320290e-02 9.332543e+16 1.058100e-02
9.320290e-02 1.258925e+17 4.901000e-03
9.320290e-02 1.698244e+17 2.152000e-03
9.320290e-02 2.290868e+17 8.960000e-04
9.320290e-02 3.090295e+17 3.520000e-04
9.320290e-02 4.168694e+17 1.300000e-04
9.320290e-02 5.623413e+17 4.500000e-05
9.320290e-02 7.585776e+17 1.400000e-05
9.320290e-02 1.023293e+18 4.000000e-06
9.320290e-02 1.380384e+18 1.000000e-06
9.320290e-02 1.862087e+18 0.000000e+00
9.320290e-02 2.511886e+18 0.000000e+00
9.320290e-02 3.388442e+18 0.000000e+00
9.320290e-02 4.570882e+18 0.000000e+00
9.320290e-02 6.165950e+18 0.000000e+00
9.320290e-02 8.317638e+18 0.000000e+00
9.320290e-02 1.122018e+19 0.000000e+00
9.320290e-02 1.513561e+19 0.000000e+00
9.320290e-02 2.041738e+19 0.000000e+00
9.320290e-02 2.754229e+19 0.000000e+00
9.320290e-02 3.715352e+19 0.000000e+00
9.320290e-02 5.011872e+19 0.000000e+00
9.320290e-02 6.760830e+19 0.000000e+00
9.320290e-02 9.120108e+19 0.000000e+00
9.320290e-02 1.230269e+20 0.000000e+00
9.320290e-02 1.659587e+20 0.000000e+00
9.320290e-02 2.238721e+20 0.000000e+00
9.320290e-02 3.019952e+20 0.000000e+00
9.320290e-02 4.073803e+20 0.000000e+00
9.320290e-02 5.495409e+20 0.000000e+00
9.320290e-02 7.413102e+20 0.000000e+00
1.240970e-01 1.000000e+08 0.000000e+00
1.240970e-01 1.348963e+08 0.000000e+00
1.240970e-01 1.819701e+08 0.000000e+00
1.240970e-01 2.454709e+08 0.000000e+00
1.240970e-01 3.311311e+08 0.000000e+00
1.240970e-01 4.466836e+08 0.000000e+00
1.240970e-01 6.025596e+08 0.000000e+00
1.240970e-01 8.128305e+08 0.000000e+00
1.240970e-01 1.096478e+09 0.000000e+00
1.240970e-01 1.479108e+09 0.000000e+00
1.240970e-01 1.995262e+09 0.000000e+00
1.240970e-01 2.691535e+09 1.000000e-06
1.240970e-01 3.630781e+09 1.000000e-06
1.240970e-01 4.897788e+09 2.000000e-06
1.240970e-01 6.606934e+09 5.000000e-06
1.240970e-01 8.912509e+09 9.000000e-06
1.240970e-01 1.202264e+10 1.800000e-05
1.240970e-01 1.621810e+10 3.600000e-05
1.240970e-01 2.187762e+10 7.100000e-05
1.240970e-01 2.951209e+10 1.410000e-04
1.240970e-01 3.981072e+10 2.790000e-04
1.240970e-01 5.370318e+10 5.520000e-04
1.240970e-01 7.244360e+10 1.095000e-03
1.240970e-01 9.772372e+10 2.175000e-03
1.240970e-01 1.318257e+11 4.326000e-03
1.240970e-01 1.778279e+11 8.614000e-03
1.240970e-01 2.398833e+11 1.717000e-02
1.240970e-01 3.235937e+11 3.425900e-02
1.240970e-01 4.365158e+11 6.796400e-02
1.240970e-01 5.888437e+11 1.256800e-01
1.240970e-01 7.943282e+11 1.961770e-01
1.240970e-01 1.071519e+12 2.571690e-01
1.240970e-01 1.445440e+12 2.991480e-01
1.240970e-01 1.949845e+12 3.247740e-01
1.240970e-01 2.630268e+12 3.398030e-01
1.240970e-01 3.548134e+12 3.487990e-01
1.240970e-01 4.786301e+12 3.545570e-01
1.240970e-01 6.456542e+12 3.585930e-01
1.240970e-01 8.709636e+12 3.616520e-01
1.240970e-01 1.174898e+13 3.636790e-01
1.240970e-01 1.584893e+13 3.651950e-01
1.240970e-01 2.137962e+13 3.657480e-01
1.240970e-01 2.884032e+13 3.651620e-01
1.240970e-01 3.890451e+13 3.637850e-01
1.240970e-01 5.248075e+13 3.630900e-01
1.240970e-01 7.079458e+13 3.650900e-01
1.240970e-01 9.549926e+13 3.699160e-01
1.240970e-01 1.288250e+14 3.741360e-01
1.240970e-01 1.737801e+14 3.742950e-01
1.240970e-01 2.344229e+14 3.704660e-01
1.240970e-01 3.162278e+14 3.630260e-01
1.240970e-01 4.265795e+14 3.510860e-01
1.240970e-01 5.754399e+14 3.334950e-01
1.240970e-01 7.762471e+14 3.098520e-01
1.240970e-01 1.047129e+15 2.812280e-01
1.240970e-01 1.412538e+15 2.507260e-01
1.240970e-01 1.905461e+15 2.229220e-01
1.240970e-01 2.570396e+15 2.028800e-01
1.240970e-01 3.467369e+15 1.939960e-01
1.240970e-01 4.677351e+15 1.971360e-01
1.240970e-01 6.309573e+15 2.048010e-01
1.240970e-01 8.511380e+15 1.943950e-01
1.240970e-01 1.148154e+16 1.514550e-01
1.240970e-01 1.548817e+16 9.877800e-02
1.240970e-01 2.089296e+16 5.709800e-02
1.240970e-01 2.818383e+16 3.020800e-02
1.240970e-01 3.801894e+16 1.489700e-02
1.240970e-01 5.128614e+16 6.938000e-03
1.240970e-01 6.918310e+16 3.077000e-03
1.240970e-01 9.332543e+16 1.304000e-03
1.240970e-01 1.258925e+17 5.270000e-04
1.240970e-01 1.698244e+17 2.030000e-04
1.240970e-01 2.290868e+17 7.500000e-05
1.240970e-01 3.090295e+17 2.600000e-05
1.240970e-01 4.168694e+17 8.000000e-06
1.240970e-01 5.623413e+17 3.000000e-06
1.240970e-01 7.585776e+17 1.000000e-06
1.240970e-01 1.023293e+18 0.000000e+00
1.240970e-01 1.380384e+18 0.000000e+00
1.240970e-01 1.862087e+18 0.000000e+00
1.240970e-01 2.511886e+18 0.000000e+00
1.240970e-01 3.388442e+18 0.000000e+00
1.240970e-01 4.570882e+18 0.000000e+00
1.240970e-01 6.165950e+18 0.000000e+00
1.240970e-01 8.317638e+18 0.000000e+00
1.240970e-01 1.122018e+19 0.000000e+00
1.240970e-01 1.513561e+19 0.000000e+00
1.240970e-01 2.041738e+19 0.000000e+00
1.240970e-01 2.754229e+19 0.000000e+00
1.240970e-01 3.715352e+19 0.000000e+00
1.240970e-01 5.011872e+19 0.000000e+00
1.240970e-01 6.760830e+19 0.000000e+00
1.240970e-01 9.120108e+19 0.000000e+00
1.240970e-01 1.230269e+20 0.000000e+00
1.240970e-01 1.659587e+20 0.000000e+00
1.240970e-01 2.238721e+20 0.000000e+00
1.240970e-01 3.019952e+20 0.000000e+00
1.240970e-01 4.073803e+20 0.000000e+00
1.240970e-01 5.495409e+20 0.000000e+00
1.240970e-01 7.413102e+20 0.000000e+00
1.652310e-01 1.000000e+08 0.000000e+00
1.652310e-01 1.348963e+08 0.000000e+00
1.652310e-01 1.819701e+08 0.000000e+00
1.652310e-01 2.454709e+08 0.000000e+00
1.652310e-01 3.311311e+08 0.000000e+00
1.652310e-01 4.466836e+08 0.000000e+00
1.652310e-01 6.025596e+08 0.000000e+00
1.652310e-01 8.128305e+08 0.000000e+00
1.652310e-01 1.096478e+09 0.000000e+00
1.652310e-01 1.479108e+09 0.000000e+00
1.652310e-01 1.995262e+09 0.000000e+00
1.652310e-01 2.691535e+09 1.000000e-06
1.652310e-01 3.630781e+09 1.000000e-06
1.652310e-01 4.897788e+09 2.000000e-06
1.652310e-01 6.606934e+09 4.000000e-06
1.652310e-01 8.912509e+09 9.000000e-06
1.652310e-01 1.202264e+10 1.700000e-05
1.652310e-01 1.621810e+10 3.400000e-05
1.652310e-01 2.187762e+10 6.600000e-05
1.652310e-01 2.951209e+10 1.310000e-04
1.652310e-01 3.981072e+10 2.590000e-04
1.652310e-01 5.370318e+10 5.130000e-04
1.652310e-01 7.244360e+10 1.019000e-03
1.652310e-01 9.772372e+10 2.024000e-03
1.652310e-01 1.318257e+11 4.029000e-03
1.652310e-01 1.778279e+11 8.026000e-03
1.652310e-01 2.398833e+11 1.600900e-02
1.652310e-01 3.235937e+11 3.196500e-02
1.652310e-01 4.365158e+11 6.355600e-02
1.652310e-01 5.888437e+11 1.187270e-01
1.652310e-01 7.943282e+11 1.881360e-01
1.652310e-01 1.071519e+12 2.496450e-01
1.652310e-01 1.445440e+12 2.926380e-01
1.652310e-01 1.949845e+12 3.191360e-01
1.652310e-01 2.630268e+12 3.347740e-01
1.652310e-01 3.548134e+12 3.441710e-01
1.652310e-01 4.786301e+12 3.501870e-01
1.652310e-01 6.456542e+12 3.543670e-01
1.652310e-01 8.709636e+12 3.574450e-01
1.652310e-01 1.174898e+13 3.592490e-01
1.652310e-01 1.584893e+13 3.602190e-01
1.652310e-01 2.137962e+13 3.596450e-01
1.652310e-01 2.884032e+13 3.571360e-01
1.652310e-01 3.890451e+13 3.531490e-01
1.652310e-01 5.248075e+13 3.500580e-01
1.652310e-01 7.079458e+13 3.513960e-01
1.652310e-01 9.549926e+13 3.579780e-01
1.652310e-01 1.288250e+14 3.642820e-01
1.652310e-01 1.737801e+14 3.636080e-01
1.652310e-01 2.344229e+14 3.555480e-01
1.652310e-01 3.162278e+14 3.407600e-01
1.652310e-01 4.265795e+14 3.177740e-01
1.652310e-01 5.754399e+14 2.852610e-01
1.652310e-01 7.762471e+14 2.443390e-01
1.652310e-01 1.047129e+15 1.994020e-01
1.652310e-01 1.412538e+15 1.569320e-01
1.652310e-01 1.905461e+15 1.223620e-01
1.652310e-01 2.570396e+15 9.840000e-02
1.652310e-01 3.467369e+15 8.476200e-02
1.652310e-01 4.677351e+15 7.982000e-02
1.652310e-01 6.309573e+15 7.816900e-02
1.652310e-01 8.511380e+15 6.632900e-02
1.652310e-01 1.148154e+16 4.116600e-02
1.652310e-01 1.548817e+16 2.057700e-02
1.652310e-01 2.089296e+16 9.346000e-03
1.652310e-01 2.818383e+16 4.009000e-03
1.652310e-01 3.801894e+16 1.637000e-03
1.652310e-01 5.128614e+16 6.390000e-04
1.652310e-01 6.918310e+16 2.390000e-04
1.652310e-01 9.332543e+16 8.500000e-05
1.652310e-01 1.258925e+17 2.900000e-05
1.652310e-01 1.698244e+17 9.000000e-06
1.652310e-01 2.290868e+17 3.000000e-06
1.652310e-01 3.090295e+17 1.000000e-06
1.652310e-01 4.168694e+17 0.000000e+00
1.652310e-01 5.623413e+17 0.000000e+00
1.652310e-01 7.585776e+17 0.000000e+00
1.652310e-01 1.023293e+18 0.000000e+00
1.652310e-01 1.380384e+18 0.000000e+00
1.652310e-01 1.862087e+18 0.000000e+00
1.652310e-01 2.511886e+18 0.000000e+00
1.652310e-01 3.388442e+18 0.000000e+00
1.652310e-01 4.570882e+18 0.000000e+00
1.652310e-01 6.165950e+18 0.000000e+00
1.652310e-01 8.317638e+18 0.000000e+00
1.652310e-01 1.122018e+19 0.000000e+00
1.652310e-01 1.513561e+19 0.000000e+00
1.652310e-01 2.041738e+19 0.000000e+00
1.652310e-01 2.754229e+19 0.000000e+00
1.652310e-01 3.715352e+19 0.000000e+00
1.652310e-01 5.011872e+19 0.000000e+00
1.652310e-01 6.760830e+19 0.000000e+00
1.652310e-01 9.120108e+19 0.000000e+00
1.652310e-01 1.230269e+20 0.000000e+00
1.652310e-01 1.659587e+20 0.000000e+00
1.652310e-01 2.238721e+20 0.000000e+00
1.652310e-01 3.019952e+20 0.000000e+00
1.652310e-01 4.073803e+20 0.000000e+00
1.652310e-01 5.495409e+20 0.000000e+00
1.652310e-01 7.413102e+20 0.000000e+00
2.200000e-01 1.000000e+08 0.000000e+00
2.200000e-01 1.348963e+08 0.000000e+00
2.200000e-01 1.819701e+08 0.000000e+00
2.200000e-01 2.454709e+08 0.000000e+00
2.200000e-01 3.311311e+08 0.000000e+00
2.200000e-01 4.466836e+08 0.000000e+00
2.200000e-01 6.025596e+08 0.000000e+00
2.200000e-01 8.128305e+08 0.000000e+00
2.200000e-01 1.096478e+09 0.000000e+00
2.200000e-01 1.479108e+09 0.000000e+00
2.200000e-01 1.995262e+09 0.000000e+00
2.200000e-01 2.691535e+09 1.000000e-06
2.200000e-01 3.630781e+09 1.000000e-06
2.200000e-01 4.897788e+09 2.000000e-06
2.200000e-01 6.606934e+09 4.000000e-06
2.200000e-01 8.912509e+09 8.000000e-06
2.200000e-01 1.202264e+10 1.600000e-05
2.200000e-01 1.621810e+10 3.100000e-05
2.200000e-01 2.187762e+10 6.100000e-05
2.200000e-01 2.951209e+10 1.210000e-04
2.200000e-01 3.981072e+10 2.400000e-04
2.200000e-01 5.370318e+10 4.760000e-04
2.200000e-01 7.244360e+10 9.450000e-04
2.200000e-01 9.772372e+10 1.879000e-03
2.200000e-01 1.318257e+11 3.741000e-03
2.200000e-01 1.778279e+11 7.459000e-03
2.200000e-01 2.398833e+11 1.488900e-02
2.200000e-01 3.235937e+11 2.974900e-02
2.200000e-01 4.365158e+11 5.927200e-02
2.200000e-01 5.888437e+11 1.118160e-01
2.200000e-01 7.943282e+11 1.799800e-01
2.200000e-01 1.071519e+12 2.419490e-01
2.200000e-01 1.445440e+12 2.859780e-01
2.200000e-01 1.949845e+12 3.133760e-01
2.200000e-01 2.630268e+12 3.296330e-01
2.200000e-01 3.548134e+12 3.394180e-01
2.200000e-01 4.786301e+12 3.456530e-01
2.200000e-01 6.456542e+12 3.499080e-01
2.200000e-01 8.709636e+12 3.528690e-01
2.200000e-01 1.174898e+13 3.541540e-01
2.200000e-01 1.584893e+13 3.540190e-01
2.200000e-01 2.137962e+13 3.512590e-01
2.200000e-01 2.884032e+13 3.450420e-01
2.200000e-01 3.890451e+13 3.359840e-01
2.200000e-01 5.248075e+13 3.280470e-01
2.200000e-01 7.079458e+13 3.274800e-01
2.200000e-01 9.549926e+13 3.368210e-01
2.200000e-01 1.288250e+14 3.473580e-01
2.200000e-01 1.737801e+14 3.453600e-01
2.200000e-01 2.344229e+14 3.287940e-01
2.200000e-01 3.162278e+14 2.996720e-01
2.200000e-01 4.265795e+14 2.575480e-01
2.200000e-01 5.754399e+14 2.048850e-01
2.200000e-01 7.762471e+14 1.497440e-01
2.200000e-01 1.047129e+15 1.016960e-01
2.200000e-01 1.412538e+15 6.615300e-02
2.200000e-01 1.905461e+15 4.293700e-02
2.200000e-01 2.570396e+15 2.914500e-02
2.200000e-01 3.467369e+15 2.151300e-02
2.200000e-01 4.677351e+15 1.764800e-02
2.200000e-01 6.309573e+15 1.525400e-02
2.200000e-01 8.511380e+15 1.118400e-02
2.200000e-01 1.148154e+16 5.652000e-03
2.200000e-01 1.548817e+16 2.262000e-03
2.200000e-01 2.089296e+16 8.300000e-04
2.200000e-01 2.818383e+16 2.890000e-04
2.200000e-01 3.801894e+16 9.600000e-05
2.200000e-01 5.128614e+16 3.000000e-05
2.200000e-01 6.918310e+16 9.000000e-06
2.200000e-01 9.332543e+16 3.000000e-06
2.200000e-01 1.258925e+17 1.000000e-06
2.200000e-01 1.698244e+17 0.000000e+00
2.200000e-01 2.290868e+17 0.000000e+00
2.200000e-01 3.090295e+17 0.000000e+00
2.200000e-01 4.168694e+17 0.000000e+00
2.200000e-01 5.623413e+17 0.000000e+00
2.200000e-01 7.585776e+17 0.000000e+00
2.200000e-01 1.023293e+18 0.000000e+00
2.200000e-01 1.380384e+18 0.000000e+00
2.200000e-01 1.862087e+18 0.000000e+00
2.200000e-01 2.511886e+18 0.000000e+00
2.200000e-01 3.388442e+18 0.000000e+00
2.200000e-01 4.570882e+18 0.000000e+00
2.200000e-01 6.165950e+18 0.000000e+00
2.200000e-01 8.317638e+18 0.000000e+00
2.200000e-01 1.122018e+19 0.000000e+00
2.200000e-01 1.513561e+19 0.000000e+00
2.200000e-01 2.041738e+19 0.000000e+00
2.200000e-01 2.754229e+19 0.000000e+00
2.200000e-01 3.715352e+19 0.000000e+00
2.200000e-01 5.011872e+19 0.000000e+00
2.200000e-01 6.760830e+19 0.000000e+00
2.200000e-01 9.120108e+19 0.000000e+00
2.200000e-01 1.230269e+20 0.000000e+00
2.200000e-01 1.659587e+20 0.000000e+00
2.200000e-01 2.238721e+20 0.000000e+00
2.200000e-01 3.019952e+20 0.000000e+00
2.200000e-01 4.073803e+20 0.000000e+00
2.200000e-01 5.495409e+20 0.000000e+00
2.200000e-01 7.413102e+20 0.000000e+00
