Title: A Self-Consistent Particle Transport Model for Synchrotron Polarization with Application to 3C 454.3
Authors: Vedula K.T., Lewis T.R., Zhang H.C.
Table: Parameter Study Results (u_BLR)
================================================================================
Byte-by-byte Description of file: parameter_study_u_BLR_mrt.txt
--------------------------------------------------------------------------------
 Bytes Format Units  Label     Explanations
--------------------------------------------------------------------------------
 1-12  E12.7  ---    Value   [0.0/0.01] Swept u_BLR value, in its native unit
14-25  E12.7  Hz     Freq    [100000000.0/7.413102e+20] Frequency            
27-38  E12.7  ---    Pi      Polarization degree                             
--------------------------------------------------------------------------------
Notes:
--------------------------------------------------------------------------------
3.710000e-10 1.000000e+08 0.000000e+00
3.710000e-10 1.348963e+08 0.000000e+00
3.710000e-10 1.819701e+08 0.000000e+00
3.710000e-10 2.454709e+08 0.000000e+00
3.710000e-10 3.311311e+08 0.000000e+00
3.710000e-10 4.466836e+08 0.000000e+00
3.710000e-10 6.025596e+08 0.000000e+00
3.710000e-10 8.128305e+08 0.000000e+00
3.710000e-10 1.096478e+09 0.000000e+00
3.710000e-10 1.479108e+09 0.000000e+00
3.710000e-10 1.995262e+09 0.000000e+00
3.710000e-10 2.691535e+09 0.000000e+00
3.710000e-10 3.630781e+09 1.000000e-06
3.710000e-10 4.897788e+09 2.000000e-06
3.710000e-10 6.606934e+09 4.000000e-06
3.710000e-10 8.912509e+09 7.000000e-06
3.710000e-10 1.202264e+10 1.400000e-05
3.710000e-10 1.621810e+10 2.800000e-05
3.710000e-10 2.187762e+10 5.400000e-05
3.710000e-10 2.951209e+10 1.070000e-04
3.710000e-10 3.981072e+10 2.130000e-04
3.710000e-10 5.370318e+10 4.230000e-04
3.710000e-10 7.244360e+10 8.410000e-04
3.710000e-10 9.772372e+10 1.674000e-03
3.710000e-10 1.318257e+11 3.336000e-03
3.710000e-10 1.778279e+11 6.657000e-03
3.710000e-10 2.398833e+11 1.329900e-02
3.710000e-10 3.235937e+11 2.659500e-02
3.710000e-10 4.365158e+11 5.310800e-02
3.710000e-10 5.888437e+11 1.015270e-01
3.710000e-10 7.943282e+11 1.673070e-01
3.710000e-10 1.071519e+12 2.295230e-01
3.710000e-10 1.445440e+12 2.748340e-01
3.710000e-10 1.949845e+12 3.033850e-01
3.710000e-10 2.630268e+12 3.203880e-01
3.710000e-10 3.548134e+12 3.305660e-01
3.710000e-10 4.786301e+12 3.369230e-01
3.710000e-10 6.456542e+12 3.410260e-01
3.710000e-10 8.709636e+12 3.434200e-01
3.710000e-10 1.174898e+13 3.431540e-01
3.710000e-10 1.584893e+13 3.399300e-01
3.710000e-10 2.137962e+13 3.311910e-01
3.710000e-10 2.884032e+13 3.150350e-01
3.710000e-10 3.890451e+13 2.928420e-01
3.710000e-10 5.248075e+13 2.724800e-01
3.710000e-10 7.079458e+13 2.654020e-01
3.710000e-10 9.549926e+13 2.782490e-01
3.710000e-10 1.288250e+14 2.984500e-01
3.710000e-10 1.737801e+14 2.931190e-01
3.710000e-10 2.344229e+14 2.546790e-01
3.710000e-10 3.162278e+14 1.974230e-01
3.710000e-10 4.265795e+14 1.350040e-01
3.710000e-10 5.754399e+14 8.155300e-02
3.710000e-10 7.762471e+14 4.476300e-02
3.710000e-10 1.047129e+15 2.321800e-02
3.710000e-10 1.412538e+15 1.183300e-02
3.710000e-10 1.905461e+15 6.141000e-03
3.710000e-10 2.570396e+15 3.373000e-03
3.710000e-10 3.467369e+15 2.027000e-03
3.710000e-10 4.677351e+15 1.365000e-03
3.710000e-10 6.309573e+15 9.870000e-04
3.710000e-10 8.511380e+15 6.160000e-04
3.710000e-10 1.148154e+16 2.530000e-04
3.710000e-10 1.548817e+16 7.800000e-05
3.710000e-10 2.089296e+16 2.200000e-05
3.710000e-10 2.818383e+16 6.000000e-06
3.710000e-10 3.801894e+16 1.000000e-06
3.710000e-10 5.128614e+16 0.000000e+00
3.710000e-10 6.918310e+16 0.000000e+00
3.710000e-10 9.332543e+16 0.000000e+00
3.710000e-10 1.258925e+17 0.000000e+00
3.710000e-10 1.698244e+17 0.000000e+00
3.710000e-10 2.290868e+17 0.000000e+00
3.710000e-10 3.090295e+17 0.000000e+00
3.710000e-10 4.168694e+17 0.000000e+00
3.710000e-10 5.623413e+17 0.000000e+00
3.710000e-10 7.585776e+17 0.000000e+00
3.710000e-10 1.023293e+18 0.000000e+00
3.710000e-10 1.380384e+18 0.000000e+00
3.710000e-10 1.862087e+18 0.000000e+00
3.710000e-10 2.511886e+18 0.000000e+00
3.710000e-10 3.388442e+18 0.000000e+00
3.710000e-10 4.570882e+18 0.000000e+00
3.710000e-10 6.165950e+18 0.000000e+00
3.710000e-10 8.317638e+18 0.000000e+00
3.710000e-10 1.122018e+19 0.000000e+00
3.710000e-10 1.513561e+19 0.000000e+00
3.710000e-10 2.041738e+19 0.000000e+00
3.710000e-10 2.754229e+19 0.000000e+00
3.710000e-10 3.715352e+19 0.000000e+00
3.710000e-10 5.011872e+19 0.000000e+00
3.710000e-10 6.760830e+19 0.000000e+00
3.710000e-10 9.120108e+19 0.000000e+00
3.710000e-10 1.230269e+20 0.000000e+00
3.710000e-10 1.659587e+20 0.000000e+00
3.710000e-10 2.238721e+20 0.000000e+00
3.710000e-10 3.019952e+20 0.000000e+00
3.710000e-10 4.073803e+20 0.000000e+00
3.710000e-10 5.495409e+20 0.000000e+00
3.710000e-10 7.413102e+20 0.000000e+00
1.721520e-09 1.000000e+08 0.000000e+00
1.721520e-09 1.348963e+08 0.000000e+00
1.721520e-09 1.819701e+08 0.000000e+00
1.721520e-09 2.454709e+08 0.000000e+00
1.721520e-09 3.311311e+08 0.000000e+00
1.721520e-09 4.466836e+08 0.000000e+00
1.721520e-09 6.025596e+08 0.000000e+00
1.721520e-09 8.128305e+08 0.000000e+00
1.721520e-09 1.096478e+09 0.000000e+00
1.721520e-09 1.479108e+09 0.000000e+00
1.721520e-09 1.995262e+09 0.000000e+00
1.721520e-09 2.691535e+09 0.000000e+00
1.721520e-09 3.630781e+09 1.000000e-06
1.721520e-09 4.897788e+09 2.000000e-06
1.721520e-09 6.606934e+09 4.000000e-06
1.721520e-09 8.912509e+09 7.000000e-06
1.721520e-09 1.202264e+10 1.400000e-05
1.721520e-09 1.621810e+10 2.700000e-05
1.721520e-09 2.187762e+10 5.300000e-05
1.721520e-09 2.951209e+10 1.050000e-04
1.721520e-09 3.981072e+10 2.080000e-04
1.721520e-09 5.370318e+10 4.130000e-04
1.721520e-09 7.244360e+10 8.220000e-04
1.721520e-09 9.772372e+10 1.636000e-03
1.721520e-09 1.318257e+11 3.261000e-03
1.721520e-09 1.778279e+11 6.507000e-03
1.721520e-09 2.398833e+11 1.299900e-02
1.721520e-09 3.235937e+11 2.599600e-02
1.721520e-09 4.365158e+11 5.192400e-02
1.721520e-09 5.888437e+11 9.948600e-02
1.721520e-09 7.943282e+11 1.646590e-01
1.721520e-09 1.071519e+12 2.267660e-01
1.721520e-09 1.445440e+12 2.721980e-01
1.721520e-09 1.949845e+12 3.008760e-01
1.721520e-09 2.630268e+12 3.179440e-01
1.721520e-09 3.548134e+12 3.281330e-01
1.721520e-09 4.786301e+12 3.344600e-01
1.721520e-09 6.456542e+12 3.384950e-01
1.721520e-09 8.709636e+12 3.407640e-01
1.721520e-09 1.174898e+13 3.402140e-01
1.721520e-09 1.584893e+13 3.364840e-01
1.721520e-09 2.137962e+13 3.268030e-01
1.721520e-09 2.884032e+13 3.091380e-01
1.721520e-09 3.890451e+13 2.850690e-01
1.721520e-09 5.248075e+13 2.630220e-01
1.721520e-09 7.079458e+13 2.549020e-01
1.721520e-09 9.549926e+13 2.676430e-01
1.721520e-09 1.288250e+14 2.884600e-01
1.721520e-09 1.737801e+14 2.820750e-01
1.721520e-09 2.344229e+14 2.406110e-01
1.721520e-09 3.162278e+14 1.813490e-01
1.721520e-09 4.265795e+14 1.200440e-01
1.721520e-09 5.754399e+14 7.032200e-02
1.721520e-09 7.762471e+14 3.764900e-02
1.721520e-09 1.047129e+15 1.916000e-02
1.721520e-09 1.412538e+15 9.622000e-03
1.721520e-09 1.905461e+15 4.933000e-03
1.721520e-09 2.570396e+15 2.682000e-03
1.721520e-09 3.467369e+15 1.598000e-03
1.721520e-09 4.677351e+15 1.069000e-03
1.721520e-09 6.309573e+15 7.740000e-04
1.721520e-09 8.511380e+15 4.870000e-04
1.721520e-09 1.148154e+16 2.010000e-04
1.721520e-09 1.548817e+16 6.200000e-05
1.721520e-09 2.089296e+16 1.700000e-05
1.721520e-09 2.818383e+16 4.000000e-06
1.721520e-09 3.801894e+16 1.000000e-06
1.721520e-09 5.128614e+16 0.000000e+00
1.721520e-09 6.918310e+16 0.000000e+00
1.721520e-09 9.332543e+16 0.000000e+00
1.721520e-09 1.258925e+17 0.000000e+00
1.721520e-09 1.698244e+17 0.000000e+00
1.721520e-09 2.290868e+17 0.000000e+00
1.721520e-09 3.090295e+17 0.000000e+00
1.721520e-09 4.168694e+17 0.000000e+00
1.721520e-09 5.623413e+17 0.000000e+00
1.721520e-09 7.585776e+17 0.000000e+00
1.721520e-09 1.023293e+18 0.000000e+00
1.721520e-09 1.380384e+18 0.000000e+00
1.721520e-09 1.862087e+18 0.000000e+00
1.721520e-09 2.511886e+18 0.000000e+00
1.721520e-09 3.388442e+18 0.000000e+00
1.721520e-09 4.570882e+18 0.000000e+00
1.721520e-09 6.165950e+18 0.000000e+00
1.721520e-09 8.317638e+18 0.000000e+00
1.721520e-09 1.122018e+19 0.000000e+00
1.721520e-09 1.513561e+19 0.000000e+00
1.721520e-09 2.041738e+19 0.000000e+00
1.721520e-09 2.754229e+19 0.000000e+00
1.721520e-09 3.715352e+19 0.000000e+00
1.721520e-09 5.011872e+19 0.000000e+00
1.721520e-09 6.760830e+19 0.000000e+00
1.721520e-09 9.120108e+19 0.000000e+00
1.721520e-09 1.230269e+20 0.000000e+00
1.721520e-09 1.659587e+20 0.000000e+00
1.721520e-09 2.238721e+20 0.000000e+00
1.721520e-09 3.019952e+20 0.000000e+00
1.721520e-09 4.073803e+20 0.000000e+00
1.721520e-09 5.495409e+20 0.000000e+00
1.721520e-09 7.413102e+20 0.000000e+00
7.988240e-09 1.000000e+08 0.000000e+00
7.988240e-09 1.348963e+08 0.000000e+00
7.988240e-09 1.819701e+08 0.000000e+00
7.988240e-09 2.454709e+08 0.000000e+00
7.988240e-09 3.311311e+08 0.000000e+00
7.988240e-09 4.466836e+08 0.000000e+00
7.988240e-09 6.025596e+08 0.000000e+00
7.988240e-09 8.128305e+08 0.000000e+00
7.988240e-09 1.096478e+09 0.000000e+00
7.988240e-09 1.479108e+09 0.000000e+00
7.988240e-09 1.995262e+09 0.000000e+00
7.988240e-09 2.691535e+09 0.000000e+00
7.988240e-09 3.630781e+09 1.000000e-06
7.988240e-09 4.897788e+09 2.000000e-06
7.988240e-09 6.606934e+09 3.000000e-06
7.988240e-09 8.912509e+09 7.000000e-06
7.988240e-09 1.202264e+10 1.300000e-05
7.988240e-09 1.621810e+10 2.600000e-05
7.988240e-09 2.187762e+10 5.100000e-05
7.988240e-09 2.951209e+10 1.020000e-04
7.988240e-09 3.981072e+10 2.020000e-04
7.988240e-09 5.370318e+10 4.010000e-04
7.988240e-09 7.244360e+10 7.970000e-04
7.988240e-09 9.772372e+10 1.588000e-03
7.988240e-09 1.318257e+11 3.165000e-03
7.988240e-09 1.778279e+11 6.316000e-03
7.988240e-09 2.398833e+11 1.261900e-02
7.988240e-09 3.235937e+11 2.523600e-02
7.988240e-09 4.365158e+11 5.042200e-02
7.988240e-09 5.888437e+11 9.688200e-02
7.988240e-09 7.943282e+11 1.612670e-01
7.988240e-09 1.071519e+12 2.232400e-01
7.988240e-09 1.445440e+12 2.688450e-01
7.988240e-09 1.949845e+12 2.977010e-01
7.988240e-09 2.630268e+12 3.148650e-01
7.988240e-09 3.548134e+12 3.250750e-01
7.988240e-09 4.786301e+12 3.313660e-01
7.988240e-09 6.456542e+12 3.353080e-01
7.988240e-09 8.709636e+12 3.373930e-01
7.988240e-09 1.174898e+13 3.364170e-01
7.988240e-09 1.584893e+13 3.319060e-01
7.988240e-09 2.137962e+13 3.207580e-01
7.988240e-09 2.884032e+13 3.007560e-01
7.988240e-09 3.890451e+13 2.738250e-01
7.988240e-09 5.248075e+13 2.492570e-01
7.988240e-09 7.079458e+13 2.395340e-01
7.988240e-09 9.549926e+13 2.519070e-01
7.988240e-09 1.288250e+14 2.733980e-01
7.988240e-09 1.737801e+14 2.652820e-01
7.988240e-09 2.344229e+14 2.195200e-01
7.988240e-09 3.162278e+14 1.582540e-01
7.988240e-09 4.265795e+14 9.973500e-02
7.988240e-09 5.754399e+14 5.587400e-02
7.988240e-09 7.762471e+14 2.886100e-02
7.988240e-09 1.047129e+15 1.428400e-02
7.988240e-09 1.412538e+15 7.014000e-03
7.988240e-09 1.905461e+15 3.527000e-03
7.988240e-09 2.570396e+15 1.884000e-03
7.988240e-09 3.467369e+15 1.105000e-03
7.988240e-09 4.677351e+15 7.310000e-04
7.988240e-09 6.309573e+15 5.280000e-04
7.988240e-09 8.511380e+15 3.350000e-04
7.988240e-09 1.148154e+16 1.380000e-04
7.988240e-09 1.548817e+16 4.200000e-05
7.988240e-09 2.089296e+16 1.100000e-05
7.988240e-09 2.818383e+16 3.000000e-06
7.988240e-09 3.801894e+16 1.000000e-06
7.988240e-09 5.128614e+16 0.000000e+00
7.988240e-09 6.918310e+16 0.000000e+00
7.988240e-09 9.332543e+16 0.000000e+00
7.988240e-09 1.258925e+17 0.000000e+00
7.988240e-09 1.698244e+17 0.000000e+00
7.988240e-09 2.290868e+17 0.000000e+00
7.988240e-09 3.090295e+17 0.000000e+00
7.988240e-09 4.168694e+17 0.000000e+00
7.988240e-09 5.623413e+17 0.000000e+00
7.988240e-09 7.585776e+17 0.000000e+00
7.988240e-09 1.023293e+18 0.000000e+00
7.988240e-09 1.380384e+18 0.000000e+00
7.988240e-09 1.862087e+18 0.000000e+00
7.988240e-09 2.511886e+18 0.000000e+00
7.988240e-09 3.388442e+18 0.000000e+00
7.988240e-09 4.570882e+18 0.000000e+00
7.988240e-09 6.165950e+18 0.000000e+00
7.988240e-09 8.317638e+18 0.000000e+00
7.988240e-09 1.122018e+19 0.000000e+00
7.988240e-09 1.513561e+19 0.000000e+00
7.988240e-09 2.041738e+19 0.000000e+00
7.988240e-09 2.754229e+19 0.000000e+00
7.988240e-09 3.715352e+19 0.000000e+00
7.988240e-09 5.011872e+19 0.000000e+00
7.988240e-09 6.760830e+19 0.000000e+00
7.988240e-09 9.120108e+19 0.000000e+00
7.988240e-09 1.230269e+20 0.000000e+00
7.988240e-09 1.659587e+20 0.000000e+00
7.988240e-09 2.238721e+20 0.000000e+00
7.988240e-09 3.019952e+20 0.000000e+00
7.988240e-09 4.073803e+20 0.000000e+00
7.988240e-09 5.495409e+20 0.000000e+00
7.988240e-09 7.413102e+20 0.000000e+00
3.706720e-08 1.000000e+08 0.000000e+00
3.706720e-08 1.348963e+08 0.000000e+00
3.706720e-08 1.819701e+08 0.000000e+00
3.706720e-08 2.454709e+08 0.000000e+00
3.706720e-08 3.311311e+08 0.000000e+00
3.706720e-08 4.466836e+08 0.000000e+00
3.706720e-08 6.025596e+08 0.000000e+00
3.706720e-08 8.128305e+08 0.000000e+00
3.706720e-08 1.096478e+09 0.000000e+00
3.706720e-08 1.479108e+09 0.000000e+00
3.706720e-08 1.995262e+09 0.000000e+00
3.706720e-08 2.691535e+09 0.000000e+00
3.706720e-08 3.630781e+09 1.000000e-06
3.706720e-08 4.897788e+09 2.000000e-06
3.706720e-08 6.606934e+09 3.000000e-06
3.706720e-08 8.912509e+09 6.000000e-06
3.706720e-08 1.202264e+10 1.200000e-05
3.706720e-08 1.621810e+10 2.400000e-05
3.706720e-08 2.187762e+10 4.800000e-05
3.706720e-08 2.951209e+10 9.500000e-05
3.706720e-08 3.981072e+10 1.880000e-04
3.706720e-08 5.370318e+10 3.730000e-04
3.706720e-08 7.244360e+10 7.420000e-04
3.706720e-08 9.772372e+10 1.478000e-03
3.706720e-08 1.318257e+11 2.947000e-03
3.706720e-08 1.778279e+11 5.884000e-03
3.706720e-08 2.398833e+11 1.175900e-02
3.706720e-08 3.235937e+11 2.352300e-02
3.706720e-08 4.365158e+11 4.703300e-02
3.706720e-08 5.888437e+11 9.094900e-02
3.706720e-08 7.943282e+11 1.534710e-01
3.706720e-08 1.071519e+12 2.151480e-01
3.706720e-08 1.445440e+12 2.612190e-01
3.706720e-08 1.949845e+12 2.905530e-01
3.706720e-08 2.630268e+12 3.079840e-01
3.706720e-08 3.548134e+12 3.182630e-01
3.706720e-08 4.786301e+12 3.244620e-01
3.706720e-08 6.456542e+12 3.281400e-01
3.706720e-08 8.709636e+12 3.296670e-01
3.706720e-08 1.174898e+13 3.272910e-01
3.706720e-08 1.584893e+13 3.201330e-01
3.706720e-08 2.137962e+13 3.039670e-01
3.706720e-08 2.884032e+13 2.761660e-01
3.706720e-08 3.890451e+13 2.402920e-01
3.706720e-08 5.248075e+13 2.084700e-01
3.706720e-08 7.079458e+13 1.939890e-01
3.706720e-08 9.549926e+13 2.039020e-01
3.706720e-08 1.288250e+14 2.253950e-01
3.706720e-08 1.737801e+14 2.115860e-01
3.706720e-08 2.344229e+14 1.568920e-01
3.706720e-08 3.162278e+14 9.798700e-02
3.706720e-08 4.265795e+14 5.361300e-02
3.706720e-08 5.754399e+14 2.665900e-02
3.706720e-08 7.762471e+14 1.252800e-02
3.706720e-08 1.047129e+15 5.742000e-03
3.706720e-08 1.412538e+15 2.638000e-03
3.706720e-08 1.905461e+15 1.248000e-03
3.706720e-08 2.570396e+15 6.290000e-04
3.706720e-08 3.467369e+15 3.500000e-04
3.706720e-08 4.677351e+15 2.210000e-04
3.706720e-08 6.309573e+15 1.560000e-04
3.706720e-08 8.511380e+15 1.000000e-04
3.706720e-08 1.148154e+16 4.100000e-05
3.706720e-08 1.548817e+16 1.200000e-05
3.706720e-08 2.089296e+16 3.000000e-06
3.706720e-08 2.818383e+16 1.000000e-06
3.706720e-08 3.801894e+16 0.000000e+00
3.706720e-08 5.128614e+16 0.000000e+00
3.706720e-08 6.918310e+16 0.000000e+00
3.706720e-08 9.332543e+16 0.000000e+00
3.706720e-08 1.258925e+17 0.000000e+00
3.706720e-08 1.698244e+17 0.000000e+00
3.706720e-08 2.290868e+17 0.000000e+00
3.706720e-08 3.090295e+17 0.000000e+00
3.706720e-08 4.168694e+17 0.000000e+00
3.706720e-08 5.623413e+17 0.000000e+00
3.706720e-08 7.585776e+17 0.000000e+00
3.706720e-08 1.023293e+18 0.000000e+00
3.706720e-08 1.380384e+18 0.000000e+00
3.706720e-08 1.862087e+18 0.000000e+00
3.706720e-08 2.511886e+18 0.000000e+00
3.706720e-08 3.388442e+18 0.000000e+00
3.706720e-08 4.570882e+18 0.000000e+00
3.706720e-08 6.165950e+18 0.000000e+00
3.706720e-08 8.317638e+18 0.000000e+00
3.706720e-08 1.122018e+19 0.000000e+00
3.706720e-08 1.513561e+19 0.000000e+00
3.706720e-08 2.041738e+19 0.000000e+00
3.706720e-08 2.754229e+19 0.000000e+00
3.706720e-08 3.715352e+19 0.000000e+00
3.706720e-08 5.011872e+19 0.000000e+00
3.706720e-08 6.760830e+19 0.000000e+00
3.706720e-08 9.120108e+19 0.000000e+00
3.706720e-08 1.230269e+20 0.000000e+00
3.706720e-08 1.659587e+20 0.000000e+00
3.706720e-08 2.238721e+20 0.000000e+00
3.706720e-08 3.019952e+20 0.000000e+00
3.706720e-08 4.073803e+20 0.000000e+00
3.706720e-08 5.495409e+20 0.000000e+00
3.706720e-08 7.413102e+20 0.000000e+00
1.720000e-07 1.000000e+08 0.000000e+00
1.720000e-07 1.348963e+08 0.000000e+00
1.720000e-07 1.819701e+08 0.000000e+00
1.720000e-07 2.454709e+08 0.000000e+00
1.720000e-07 3.311311e+08 0.000000e+00
1.720000e-07 4.466836e+08 0.000000e+00
1.720000e-07 6.025596e+08 0.000000e+00
1.720000e-07 8.128305e+08 0.000000e+00
1.720000e-07 1.096478e+09 0.000000e+00
1.720000e-07 1.479108e+09 0.000000e+00
1.720000e-07 1.995262e+09 0.000000e+00
1.720000e-07 2.691535e+09 0.000000e+00
1.720000e-07 3.630781e+09 1.000000e-06
1.720000e-07 4.897788e+09 1.000000e-06
1.720000e-07 6.606934e+09 3.000000e-06
1.720000e-07 8.912509e+09 5.000000e-06
1.720000e-07 1.202264e+10 1.000000e-05
1.720000e-07 1.621810e+10 2.000000e-05
1.720000e-07 2.187762e+10 3.900000e-05
1.720000e-07 2.951209e+10 7.800000e-05
1.720000e-07 3.981072e+10 1.550000e-04
1.720000e-07 5.370318e+10 3.070000e-04
1.720000e-07 7.244360e+10 6.120000e-04
1.720000e-07 9.772372e+10 1.221000e-03
1.720000e-07 1.318257e+11 2.437000e-03
1.720000e-07 1.778279e+11 4.870000e-03
1.720000e-07 2.398833e+11 9.742000e-03
1.720000e-07 3.235937e+11 1.950100e-02
1.720000e-07 4.365158e+11 3.904700e-02
1.720000e-07 5.888437e+11 7.657200e-02
1.720000e-07 7.943282e+11 1.338290e-01
1.720000e-07 1.071519e+12 1.943180e-01
1.720000e-07 1.445440e+12 2.415130e-01
1.720000e-07 1.949845e+12 2.721480e-01
1.720000e-07 2.630268e+12 2.903320e-01
1.720000e-07 3.548134e+12 3.007730e-01
1.720000e-07 4.786301e+12 3.065640e-01
1.720000e-07 6.456542e+12 3.089900e-01
1.720000e-07 8.709636e+12 3.074550e-01
1.720000e-07 1.174898e+13 2.964910e-01
1.720000e-07 1.584893e+13 2.727870e-01
1.720000e-07 2.137962e+13 2.285340e-01
1.720000e-07 2.884032e+13 1.688200e-01
1.720000e-07 3.890451e+13 1.132780e-01
1.720000e-07 5.248075e+13 7.683000e-02
1.720000e-07 7.079458e+13 5.981800e-02
1.720000e-07 9.549926e+13 5.818000e-02
1.720000e-07 1.288250e+14 6.346200e-02
1.720000e-07 1.737801e+14 4.840700e-02
1.720000e-07 2.344229e+14 2.368400e-02
1.720000e-07 3.162278e+14 9.935000e-03
1.720000e-07 4.265795e+14 3.920000e-03
1.720000e-07 5.754399e+14 1.488000e-03
1.720000e-07 7.762471e+14 5.520000e-04
1.720000e-07 1.047129e+15 2.030000e-04
1.720000e-07 1.412538e+15 7.500000e-05
1.720000e-07 1.905461e+15 2.900000e-05
1.720000e-07 2.570396e+15 1.200000e-05
1.720000e-07 3.467369e+15 5.000000e-06
1.720000e-07 4.677351e+15 3.000000e-06
1.720000e-07 6.309573e+15 2.000000e-06
1.720000e-07 8.511380e+15 1.000000e-06
1.720000e-07 1.148154e+16 0.000000e+00
1.720000e-07 1.548817e+16 0.000000e+00
1.720000e-07 2.089296e+16 0.000000e+00
1.720000e-07 2.818383e+16 0.000000e+00
1.720000e-07 3.801894e+16 0.000000e+00
1.720000e-07 5.128614e+16 0.000000e+00
1.720000e-07 6.918310e+16 0.000000e+00
1.720000e-07 9.332543e+16 0.000000e+00
1.720000e-07 1.258925e+17 0.000000e+00
1.720000e-07 1.698244e+17 0.000000e+00
1.720000e-07 2.290868e+17 0.000000e+00
1.720000e-07 3.090295e+17 0.000000e+00
1.720000e-07 4.168694e+17 0.000000e+00
1.720000e-07 5.623413e+17 0.000000e+00
1.720000e-07 7.585776e+17 0.000000e+00
1.720000e-07 1.023293e+18 0.000000e+00
1.720000e-07 1.380384e+18 0.000000e+00
1.720000e-07 1.862087e+18 0.000000e+00
1.720000e-07 2.511886e+18 0.000000e+00
1.720000e-07 3.388442e+18 0.000000e+00
1.720000e-07 4.570882e+18 0.000000e+00
1.720000e-07 6.165950e+18 0.000000e+00
1.720000e-07 8.317638e+18 0.000000e+00
1.720000e-07 1.122018e+19 0.000000e+00
1.720000e-07 1.513561e+19 0.000000e+00
1.720000e-07 2.041738e+19 0.000000e+00
1.720000e-07 2.754229e+19 0.000000e+00
1.720000e-07 3.715352e+19 0.000000e+00
1.720000e-07 5.011872e+19 0.000000e+00
1.720000e-07 6.760830e+19 0.000000e+00
1.720000e-07 9.120108e+19 0.000000e+00
1.720000e-07 1.230269e+20 0.000000e+00
1.720000e-07 1.659587e+20 0.000000e+00
1.720000e-07 2.238721e+20 0.000000e+00
1.720000e-07 3.019952e+20 0.000000e+00
1.720000e-07 4.073803e+20 0.000000e+00
1.720000e-07 5.495409e+20 0.000000e+00
1.720000e-07 7.413102e+20 0.000000e+00
