Title: A Self-Consistent Particle Transport Model for Synchrotron Polarization with Application to 3C 454.3
Authors: Vedula K.T., Lewis T.R., Zhang H.C.
Table: Parameter Study Results (T_dust)
================================================================================
Byte-by-byte Description of file: parameter_study_T_dust_mrt.txt
--------------------------------------------------------------------------------
 Bytes Format Units  Label     Explanations
--------------------------------------------------------------------------------
 1-12  E12.7  ---    Value   [466.67/1133.33] Swept T_dust value, in its native
                            unit
14-25  E12.7  Hz     Freq    [100000000.0/7.413102e+20] Frequency
27-38  E12.7  ---    Pi      Polarization degree
--------------------------------------------------------------------------------
Notes:
--------------------------------------------------------------------------------
4.666700e+02 1.000000e+08 0.000000e+00
4.666700e+02 1.348963e+08 0.000000e+00
4.666700e+02 1.819701e+08 0.000000e+00
4.666700e+02 2.454709e+08 0.000000e+00
4.666700e+02 3.311311e+08 0.000000e+00
4.666700e+02 4.466836e+08 0.000000e+00
4.666700e+02 6.025596e+08 0.000000e+00
4.666700e+02 8.128305e+08 0.000000e+00
4.666700e+02 1.096478e+09 0.000000e+00
4.666700e+02 1.479108e+09 0.000000e+00
4.666700e+02 1.995262e+09 1.000000e-06
4.666700e+02 2.691535e+09 1.000000e-06
4.666700e+02 3.630781e+09 2.000000e-06
4.666700e+02 4.897788e+09 4.000000e-06
4.666700e+02 6.606934e+09 8.000000e-06
4.666700e+02 8.912509e+09 1.600000e-05
4.666700e+02 1.202264e+10 3.100000e-05
4.666700e+02 1.621810e+10 6.200000e-05
4.666700e+02 2.187762e+10 1.220000e-04
4.666700e+02 2.951209e+10 2.400000e-04
4.666700e+02 3.981072e+10 4.730000e-04
4.666700e+02 5.370318e+10 9.340000e-04
4.666700e+02 7.244360e+10 1.848000e-03
4.666700e+02 9.772372e+10 3.660000e-03
4.666700e+02 1.318257e+11 7.256000e-03
4.666700e+02 1.778279e+11 1.440000e-02
4.666700e+02 2.398833e+11 2.860500e-02
4.666700e+02 3.235937e+11 5.681300e-02
4.666700e+02 4.365158e+11 1.095380e-01
4.666700e+02 5.888437e+11 1.854000e-01
4.666700e+02 7.943282e+11 2.608430e-01
4.666700e+02 1.071519e+12 3.167500e-01
4.666700e+02 1.445440e+12 3.515930e-01
4.666700e+02 1.949845e+12 3.712910e-01
4.666700e+02 2.630268e+12 3.818110e-01
4.666700e+02 3.548134e+12 3.870240e-01
4.666700e+02 4.786301e+12 3.889460e-01
4.666700e+02 6.456542e+12 3.884450e-01
4.666700e+02 8.709636e+12 3.860320e-01
4.666700e+02 1.174898e+13 3.824350e-01
4.666700e+02 1.584893e+13 3.802750e-01
4.666700e+02 2.137962e+13 3.825470e-01
4.666700e+02 2.884032e+13 3.904010e-01
4.666700e+02 3.890451e+13 4.002480e-01
4.666700e+02 5.248075e+13 4.069700e-01
4.666700e+02 7.079458e+13 4.102230e-01
4.666700e+02 9.549926e+13 4.124380e-01
4.666700e+02 1.288250e+14 4.145930e-01
4.666700e+02 1.737801e+14 4.167680e-01
4.666700e+02 2.344229e+14 4.189380e-01
4.666700e+02 3.162278e+14 4.210840e-01
4.666700e+02 4.265795e+14 4.232030e-01
4.666700e+02 5.754399e+14 4.253290e-01
4.666700e+02 7.762471e+14 4.275690e-01
4.666700e+02 1.047129e+15 4.301060e-01
4.666700e+02 1.412538e+15 4.332190e-01
4.666700e+02 1.905461e+15 4.372200e-01
4.666700e+02 2.570396e+15 4.423480e-01
4.666700e+02 3.467369e+15 4.484390e-01
4.666700e+02 4.677351e+15 4.548730e-01
4.666700e+02 6.309573e+15 4.607910e-01
4.666700e+02 8.511380e+15 4.656780e-01
4.666700e+02 1.148154e+16 4.696310e-01
4.666700e+02 1.548817e+16 4.730110e-01
4.666700e+02 2.089296e+16 4.759320e-01
4.666700e+02 2.818383e+16 4.782490e-01
4.666700e+02 3.801894e+16 4.796400e-01
4.666700e+02 5.128614e+16 4.795750e-01
4.666700e+02 6.918310e+16 4.771690e-01
4.666700e+02 9.332543e+16 4.709130e-01
4.666700e+02 1.258925e+17 4.582410e-01
4.666700e+02 1.698244e+17 4.349550e-01
4.666700e+02 2.290868e+17 3.950710e-01
4.666700e+02 3.090295e+17 3.326680e-01
4.666700e+02 4.168694e+17 2.484170e-01
4.666700e+02 5.623413e+17 1.573870e-01
4.666700e+02 7.585776e+17 8.284100e-02
4.666700e+02 1.023293e+18 3.658900e-02
4.666700e+02 1.380384e+18 1.388700e-02
4.666700e+02 1.862087e+18 4.609000e-03
4.666700e+02 2.511886e+18 1.345000e-03
4.666700e+02 3.388442e+18 3.430000e-04
4.666700e+02 4.570882e+18 7.800000e-05
4.666700e+02 6.165950e+18 1.700000e-05
4.666700e+02 8.317638e+18 3.000000e-06
4.666700e+02 1.122018e+19 0.000000e+00
4.666700e+02 1.513561e+19 0.000000e+00
4.666700e+02 2.041738e+19 0.000000e+00
4.666700e+02 2.754229e+19 0.000000e+00
4.666700e+02 3.715352e+19 0.000000e+00
4.666700e+02 5.011872e+19 0.000000e+00
4.666700e+02 6.760830e+19 0.000000e+00
4.666700e+02 9.120108e+19 0.000000e+00
4.666700e+02 1.230269e+20 0.000000e+00
4.666700e+02 1.659587e+20 0.000000e+00
4.666700e+02 2.238721e+20 0.000000e+00
4.666700e+02 3.019952e+20 0.000000e+00
4.666700e+02 4.073803e+20 0.000000e+00
4.666700e+02 5.495409e+20 0.000000e+00
4.666700e+02 7.413102e+20 0.000000e+00
6.333350e+02 1.000000e+08 0.000000e+00
6.333350e+02 1.348963e+08 0.000000e+00
6.333350e+02 1.819701e+08 0.000000e+00
6.333350e+02 2.454709e+08 0.000000e+00
6.333350e+02 3.311311e+08 0.000000e+00
6.333350e+02 4.466836e+08 0.000000e+00
6.333350e+02 6.025596e+08 0.000000e+00
6.333350e+02 8.128305e+08 0.000000e+00
6.333350e+02 1.096478e+09 0.000000e+00
6.333350e+02 1.479108e+09 0.000000e+00
6.333350e+02 1.995262e+09 1.000000e-06
6.333350e+02 2.691535e+09 1.000000e-06
6.333350e+02 3.630781e+09 2.000000e-06
6.333350e+02 4.897788e+09 4.000000e-06
6.333350e+02 6.606934e+09 8.000000e-06
6.333350e+02 8.912509e+09 1.500000e-05
6.333350e+02 1.202264e+10 2.900000e-05
6.333350e+02 1.621810e+10 5.800000e-05
6.333350e+02 2.187762e+10 1.140000e-04
6.333350e+02 2.951209e+10 2.250000e-04
6.333350e+02 3.981072e+10 4.430000e-04
6.333350e+02 5.370318e+10 8.760000e-04
6.333350e+02 7.244360e+10 1.734000e-03
6.333350e+02 9.772372e+10 3.435000e-03
6.333350e+02 1.318257e+11 6.812000e-03
6.333350e+02 1.778279e+11 1.352300e-02
6.333350e+02 2.398833e+11 2.687100e-02
6.333350e+02 3.235937e+11 5.340000e-02
6.333350e+02 4.365158e+11 1.034670e-01
6.333350e+02 5.888437e+11 1.772340e-01
6.333350e+02 7.943282e+11 2.523730e-01
6.333350e+02 1.071519e+12 3.090820e-01
6.333350e+02 1.445440e+12 3.448440e-01
6.333350e+02 1.949845e+12 3.653530e-01
6.333350e+02 2.630268e+12 3.766490e-01
6.333350e+02 3.548134e+12 3.827780e-01
6.333350e+02 4.786301e+12 3.859490e-01
6.333350e+02 6.456542e+12 3.871580e-01
6.333350e+02 8.709636e+12 3.867400e-01
6.333350e+02 1.174898e+13 3.846150e-01
6.333350e+02 1.584893e+13 3.818650e-01
6.333350e+02 2.137962e+13 3.801910e-01
6.333350e+02 2.884032e+13 3.822880e-01
6.333350e+02 3.890451e+13 3.893820e-01
6.333350e+02 5.248075e+13 3.985290e-01
6.333350e+02 7.079458e+13 4.049260e-01
6.333350e+02 9.549926e+13 4.081710e-01
6.333350e+02 1.288250e+14 4.103860e-01
6.333350e+02 1.737801e+14 4.124570e-01
6.333350e+02 2.344229e+14 4.144550e-01
6.333350e+02 3.162278e+14 4.163490e-01
6.333350e+02 4.265795e+14 4.181260e-01
6.333350e+02 5.754399e+14 4.198100e-01
6.333350e+02 7.762471e+14 4.215150e-01
6.333350e+02 1.047129e+15 4.234470e-01
6.333350e+02 1.412538e+15 4.259440e-01
6.333350e+02 1.905461e+15 4.294160e-01
6.333350e+02 2.570396e+15 4.342210e-01
6.333350e+02 3.467369e+15 4.402550e-01
6.333350e+02 4.677351e+15 4.468200e-01
6.333350e+02 6.309573e+15 4.528230e-01
6.333350e+02 8.511380e+15 4.575170e-01
6.333350e+02 1.148154e+16 4.609320e-01
6.333350e+02 1.548817e+16 4.634970e-01
6.333350e+02 2.089296e+16 4.653230e-01
6.333350e+02 2.818383e+16 4.661410e-01
6.333350e+02 3.801894e+16 4.653780e-01
6.333350e+02 5.128614e+16 4.620890e-01
6.333350e+02 6.918310e+16 4.547050e-01
6.333350e+02 9.332543e+16 4.406590e-01
6.333350e+02 1.258925e+17 4.159650e-01
6.333350e+02 1.698244e+17 3.753210e-01
6.333350e+02 2.290868e+17 3.142770e-01
6.333350e+02 3.090295e+17 2.348720e-01
6.333350e+02 4.168694e+17 1.510540e-01
6.333350e+02 5.623413e+17 8.223900e-02
6.333350e+02 7.585776e+17 3.822600e-02
6.333350e+02 1.023293e+18 1.546800e-02
6.333350e+02 1.380384e+18 5.532000e-03
6.333350e+02 1.862087e+18 1.758000e-03
6.333350e+02 2.511886e+18 4.950000e-04
6.333350e+02 3.388442e+18 1.220000e-04
6.333350e+02 4.570882e+18 2.700000e-05
6.333350e+02 6.165950e+18 6.000000e-06
6.333350e+02 8.317638e+18 1.000000e-06
6.333350e+02 1.122018e+19 0.000000e+00
6.333350e+02 1.513561e+19 0.000000e+00
6.333350e+02 2.041738e+19 0.000000e+00
6.333350e+02 2.754229e+19 0.000000e+00
6.333350e+02 3.715352e+19 0.000000e+00
6.333350e+02 5.011872e+19 0.000000e+00
6.333350e+02 6.760830e+19 0.000000e+00
6.333350e+02 9.120108e+19 0.000000e+00
6.333350e+02 1.230269e+20 0.000000e+00
6.333350e+02 1.659587e+20 0.000000e+00
6.333350e+02 2.238721e+20 0.000000e+00
6.333350e+02 3.019952e+20 0.000000e+00
6.333350e+02 4.073803e+20 0.000000e+00
6.333350e+02 5.495409e+20 0.000000e+00
6.333350e+02 7.413102e+20 0.000000e+00
8.000000e+02 1.000000e+08 0.000000e+00
8.000000e+02 1.348963e+08 0.000000e+00
8.000000e+02 1.819701e+08 0.000000e+00
8.000000e+02 2.454709e+08 0.000000e+00
8.000000e+02 3.311311e+08 0.000000e+00
8.000000e+02 4.466836e+08 0.000000e+00
8.000000e+02 6.025596e+08 0.000000e+00
8.000000e+02 8.128305e+08 0.000000e+00
8.000000e+02 1.096478e+09 0.000000e+00
8.000000e+02 1.479108e+09 0.000000e+00
8.000000e+02 1.995262e+09 0.000000e+00
8.000000e+02 2.691535e+09 1.000000e-06
8.000000e+02 3.630781e+09 2.000000e-06
8.000000e+02 4.897788e+09 3.000000e-06
8.000000e+02 6.606934e+09 7.000000e-06
8.000000e+02 8.912509e+09 1.300000e-05
8.000000e+02 1.202264e+10 2.600000e-05
8.000000e+02 1.621810e+10 5.100000e-05
8.000000e+02 2.187762e+10 1.000000e-04
8.000000e+02 2.951209e+10 1.970000e-04
8.000000e+02 3.981072e+10 3.880000e-04
8.000000e+02 5.370318e+10 7.670000e-04
8.000000e+02 7.244360e+10 1.519000e-03
8.000000e+02 9.772372e+10 3.011000e-03
8.000000e+02 1.318257e+11 5.976000e-03
8.000000e+02 1.778279e+11 1.187100e-02
8.000000e+02 2.398833e+11 2.360600e-02
8.000000e+02 3.235937e+11 4.696600e-02
8.000000e+02 4.365158e+11 9.180300e-02
8.000000e+02 5.888437e+11 1.610660e-01
8.000000e+02 7.943282e+11 2.352980e-01
8.000000e+02 1.071519e+12 2.934260e-01
8.000000e+02 1.445440e+12 3.309610e-01
8.000000e+02 1.949845e+12 3.529010e-01
8.000000e+02 2.630268e+12 3.652810e-01
8.000000e+02 3.548134e+12 3.723230e-01
8.000000e+02 4.786301e+12 3.764270e-01
8.000000e+02 6.456542e+12 3.787520e-01
8.000000e+02 8.709636e+12 3.797180e-01
8.000000e+02 1.174898e+13 3.790980e-01
8.000000e+02 1.584893e+13 3.773540e-01
8.000000e+02 2.137962e+13 3.750150e-01
8.000000e+02 2.884032e+13 3.740040e-01
8.000000e+02 3.890451e+13 3.769620e-01
8.000000e+02 5.248075e+13 3.846880e-01
8.000000e+02 7.079458e+13 3.934270e-01
8.000000e+02 9.549926e+13 3.989750e-01
8.000000e+02 1.288250e+14 4.016590e-01
8.000000e+02 1.737801e+14 4.034180e-01
8.000000e+02 2.344229e+14 4.048540e-01
8.000000e+02 3.162278e+14 4.059500e-01
8.000000e+02 4.265795e+14 4.066410e-01
8.000000e+02 5.754399e+14 4.069090e-01
8.000000e+02 7.762471e+14 4.068600e-01
8.000000e+02 1.047129e+15 4.067660e-01
8.000000e+02 1.412538e+15 4.071570e-01
8.000000e+02 1.905461e+15 4.087930e-01
8.000000e+02 2.570396e+15 4.125190e-01
8.000000e+02 3.467369e+15 4.185500e-01
8.000000e+02 4.677351e+15 4.260060e-01
8.000000e+02 6.309573e+15 4.328590e-01
8.000000e+02 8.511380e+15 4.372130e-01
8.000000e+02 1.148154e+16 4.385700e-01
8.000000e+02 1.548817e+16 4.374680e-01
8.000000e+02 2.089296e+16 4.338250e-01
8.000000e+02 2.818383e+16 4.265210e-01
8.000000e+02 3.801894e+16 4.135140e-01
8.000000e+02 5.128614e+16 3.918090e-01
8.000000e+02 6.918310e+16 3.576510e-01
8.000000e+02 9.332543e+16 3.078550e-01
8.000000e+02 1.258925e+17 2.430070e-01
8.000000e+02 1.698244e+17 1.710260e-01
8.000000e+02 2.290868e+17 1.054930e-01
8.000000e+02 3.090295e+17 5.701800e-02
8.000000e+02 4.168694e+17 2.735700e-02
8.000000e+02 5.623413e+17 1.186000e-02
8.000000e+02 7.585776e+17 4.681000e-03
8.000000e+02 1.023293e+18 1.682000e-03
8.000000e+02 1.380384e+18 5.480000e-04
8.000000e+02 1.862087e+18 1.610000e-04
8.000000e+02 2.511886e+18 4.200000e-05
8.000000e+02 3.388442e+18 1.000000e-05
8.000000e+02 4.570882e+18 2.000000e-06
8.000000e+02 6.165950e+18 0.000000e+00
8.000000e+02 8.317638e+18 0.000000e+00
8.000000e+02 1.122018e+19 0.000000e+00
8.000000e+02 1.513561e+19 0.000000e+00
8.000000e+02 2.041738e+19 0.000000e+00
8.000000e+02 2.754229e+19 0.000000e+00
8.000000e+02 3.715352e+19 0.000000e+00
8.000000e+02 5.011872e+19 0.000000e+00
8.000000e+02 6.760830e+19 0.000000e+00
8.000000e+02 9.120108e+19 0.000000e+00
8.000000e+02 1.230269e+20 0.000000e+00
8.000000e+02 1.659587e+20 0.000000e+00
8.000000e+02 2.238721e+20 0.000000e+00
8.000000e+02 3.019952e+20 0.000000e+00
8.000000e+02 4.073803e+20 0.000000e+00
8.000000e+02 5.495409e+20 0.000000e+00
8.000000e+02 7.413102e+20 0.000000e+00
9.666650e+02 1.000000e+08 0.000000e+00
9.666650e+02 1.348963e+08 0.000000e+00
9.666650e+02 1.819701e+08 0.000000e+00
9.666650e+02 2.454709e+08 0.000000e+00
9.666650e+02 3.311311e+08 0.000000e+00
9.666650e+02 4.466836e+08 0.000000e+00
9.666650e+02 6.025596e+08 0.000000e+00
9.666650e+02 8.128305e+08 0.000000e+00
9.666650e+02 1.096478e+09 0.000000e+00
9.666650e+02 1.479108e+09 0.000000e+00
9.666650e+02 1.995262e+09 0.000000e+00
9.666650e+02 2.691535e+09 1.000000e-06
9.666650e+02 3.630781e+09 1.000000e-06
9.666650e+02 4.897788e+09 3.000000e-06
9.666650e+02 6.606934e+09 6.000000e-06
9.666650e+02 8.912509e+09 1.100000e-05
9.666650e+02 1.202264e+10 2.100000e-05
9.666650e+02 1.621810e+10 4.200000e-05
9.666650e+02 2.187762e+10 8.300000e-05
9.666650e+02 2.951209e+10 1.640000e-04
9.666650e+02 3.981072e+10 3.230000e-04
9.666650e+02 5.370318e+10 6.400000e-04
9.666650e+02 7.244360e+10 1.269000e-03
9.666650e+02 9.772372e+10 2.517000e-03
9.666650e+02 1.318257e+11 5.001000e-03
9.666650e+02 1.778279e+11 9.946000e-03
9.666650e+02 2.398833e+11 1.980300e-02
9.666650e+02 3.235937e+11 3.946200e-02
9.666650e+02 4.365158e+11 7.785000e-02
9.666650e+02 5.888437e+11 1.407900e-01
9.666650e+02 7.943282e+11 2.132360e-01
9.666650e+02 1.071519e+12 2.730730e-01
9.666650e+02 1.445440e+12 3.130630e-01
9.666650e+02 1.949845e+12 3.370160e-01
9.666650e+02 2.630268e+12 3.508530e-01
9.666650e+02 3.548134e+12 3.589830e-01
9.666650e+02 4.786301e+12 3.640030e-01
9.666650e+02 6.456542e+12 3.672270e-01
9.666650e+02 8.709636e+12 3.691700e-01
9.666650e+02 1.174898e+13 3.695670e-01
9.666650e+02 1.584893e+13 3.686490e-01
9.666650e+02 2.137962e+13 3.662250e-01
9.666650e+02 2.884032e+13 3.633090e-01
9.666650e+02 3.890451e+13 3.625150e-01
9.666650e+02 5.248075e+13 3.670060e-01
9.666650e+02 7.079458e+13 3.763650e-01
9.666650e+02 9.549926e+13 3.852110e-01
9.666650e+02 1.288250e+14 3.895010e-01
9.666650e+02 1.737801e+14 3.906140e-01
9.666650e+02 2.344229e+14 3.904030e-01
9.666650e+02 3.162278e+14 3.890290e-01
9.666650e+02 4.265795e+14 3.861690e-01
9.666650e+02 5.754399e+14 3.815010e-01
9.666650e+02 7.762471e+14 3.749260e-01
9.666650e+02 1.047129e+15 3.667600e-01
9.666650e+02 1.412538e+15 3.580820e-01
9.666650e+02 1.905461e+15 3.508880e-01
9.666650e+02 2.570396e+15 3.480600e-01
9.666650e+02 3.467369e+15 3.518120e-01
9.666650e+02 4.677351e+15 3.618770e-01
9.666650e+02 6.309573e+15 3.727010e-01
9.666650e+02 8.511380e+15 3.744700e-01
9.666650e+02 1.148154e+16 3.601500e-01
9.666650e+02 1.548817e+16 3.299550e-01
9.666650e+02 2.089296e+16 2.852960e-01
9.666650e+02 2.818383e+16 2.282930e-01
9.666650e+02 3.801894e+16 1.655440e-01
9.666650e+02 5.128614e+16 1.075470e-01
9.666650e+02 6.918310e+16 6.277400e-02
9.666650e+02 9.332543e+16 3.334500e-02
9.666650e+02 1.258925e+17 1.634500e-02
9.666650e+02 1.698244e+17 7.470000e-03
9.666650e+02 2.290868e+17 3.201000e-03
9.666650e+02 3.090295e+17 1.286000e-03
9.666650e+02 4.168694e+17 4.830000e-04
9.666650e+02 5.623413e+17 1.700000e-04
9.666650e+02 7.585776e+17 5.600000e-05
9.666650e+02 1.023293e+18 1.700000e-05
9.666650e+02 1.380384e+18 5.000000e-06
9.666650e+02 1.862087e+18 1.000000e-06
9.666650e+02 2.511886e+18 0.000000e+00
9.666650e+02 3.388442e+18 0.000000e+00
9.666650e+02 4.570882e+18 0.000000e+00
9.666650e+02 6.165950e+18 0.000000e+00
9.666650e+02 8.317638e+18 0.000000e+00
9.666650e+02 1.122018e+19 0.000000e+00
9.666650e+02 1.513561e+19 0.000000e+00
9.666650e+02 2.041738e+19 0.000000e+00
9.666650e+02 2.754229e+19 0.000000e+00
9.666650e+02 3.715352e+19 0.000000e+00
9.666650e+02 5.011872e+19 0.000000e+00
9.666650e+02 6.760830e+19 0.000000e+00
9.666650e+02 9.120108e+19 0.000000e+00
9.666650e+02 1.230269e+20 0.000000e+00
9.666650e+02 1.659587e+20 0.000000e+00
9.666650e+02 2.238721e+20 0.000000e+00
9.666650e+02 3.019952e+20 0.000000e+00
9.666650e+02 4.073803e+20 0.000000e+00
9.666650e+02 5.495409e+20 0.000000e+00
9.666650e+02 7.413102e+20 0.000000e+00
1.133330e+03 1.000000e+08 0.000000e+00
1.133330e+03 1.348963e+08 0.000000e+00
1.133330e+03 1.819701e+08 0.000000e+00
1.133330e+03 2.454709e+08 0.000000e+00
1.133330e+03 3.311311e+08 0.000000e+00
1.133330e+03 4.466836e+08 0.000000e+00
1.133330e+03 6.025596e+08 0.000000e+00
1.133330e+03 8.128305e+08 0.000000e+00
1.133330e+03 1.096478e+09 0.000000e+00
1.133330e+03 1.479108e+09 0.000000e+00
1.133330e+03 1.995262e+09 0.000000e+00
1.133330e+03 2.691535e+09 1.000000e-06
1.133330e+03 3.630781e+09 1.000000e-06
1.133330e+03 4.897788e+09 2.000000e-06
1.133330e+03 6.606934e+09 5.000000e-06
1.133330e+03 8.912509e+09 9.000000e-06
1.133330e+03 1.202264e+10 1.800000e-05
1.133330e+03 1.621810e+10 3.500000e-05
1.133330e+03 2.187762e+10 6.800000e-05
1.133330e+03 2.951209e+10 1.350000e-04
1.133330e+03 3.981072e+10 2.660000e-04
1.133330e+03 5.370318e+10 5.280000e-04
1.133330e+03 7.244360e+10 1.047000e-03
1.133330e+03 9.772372e+10 2.081000e-03
1.133330e+03 1.318257e+11 4.140000e-03
1.133330e+03 1.778279e+11 8.247000e-03
1.133330e+03 2.398833e+11 1.644600e-02
1.133330e+03 3.235937e+11 3.282900e-02
1.133330e+03 4.365158e+11 6.522500e-02
1.133330e+03 5.888437e+11 1.213900e-01
1.133330e+03 7.943282e+11 1.912660e-01
1.133330e+03 1.071519e+12 2.526290e-01
1.133330e+03 1.445440e+12 2.952830e-01
1.133330e+03 1.949845e+12 3.214890e-01
1.133330e+03 2.630268e+12 3.369220e-01
1.133330e+03 3.548134e+12 3.461620e-01
1.133330e+03 4.786301e+12 3.520010e-01
1.133330e+03 6.456542e+12 3.558910e-01
1.133330e+03 8.709636e+12 3.584070e-01
1.133330e+03 1.174898e+13 3.591530e-01
1.133330e+03 1.584893e+13 3.582060e-01
1.133330e+03 2.137962e+13 3.546740e-01
1.133330e+03 2.884032e+13 3.486200e-01
1.133330e+03 3.890451e+13 3.422280e-01
1.133330e+03 5.248075e+13 3.405090e-01
1.133330e+03 7.079458e+13 3.477280e-01
1.133330e+03 9.549926e+13 3.610000e-01
1.133330e+03 1.288250e+14 3.700390e-01
1.133330e+03 1.737801e+14 3.698080e-01
1.133330e+03 2.344229e+14 3.633110e-01
1.133330e+03 3.162278e+14 3.514830e-01
1.133330e+03 4.265795e+14 3.327540e-01
1.133330e+03 5.754399e+14 3.055650e-01
1.133330e+03 7.762471e+14 2.700440e-01
1.133330e+03 1.047129e+15 2.290470e-01
1.133330e+03 1.412538e+15 1.880050e-01
1.133330e+03 1.905461e+15 1.526740e-01
1.133330e+03 2.570396e+15 1.271470e-01
1.133330e+03 3.467369e+15 1.124930e-01
1.133330e+03 4.677351e+15 1.077370e-01
1.133330e+03 6.309573e+15 1.064870e-01
1.133330e+03 8.511380e+15 9.184900e-02
1.133330e+03 1.148154e+16 5.902900e-02
1.133330e+03 1.548817e+16 3.055000e-02
1.133330e+03 2.089296e+16 1.421200e-02
1.133330e+03 2.818383e+16 6.185000e-03
1.133330e+03 3.801894e+16 2.546000e-03
1.133330e+03 5.128614e+16 9.960000e-04
1.133330e+03 6.918310e+16 3.720000e-04
1.133330e+03 9.332543e+16 1.320000e-04
1.133330e+03 1.258925e+17 4.500000e-05
1.133330e+03 1.698244e+17 1.400000e-05
1.133330e+03 2.290868e+17 4.000000e-06
1.133330e+03 3.090295e+17 1.000000e-06
1.133330e+03 4.168694e+17 0.000000e+00
1.133330e+03 5.623413e+17 0.000000e+00
1.133330e+03 7.585776e+17 0.000000e+00
1.133330e+03 1.023293e+18 0.000000e+00
1.133330e+03 1.380384e+18 0.000000e+00
1.133330e+03 1.862087e+18 0.000000e+00
1.133330e+03 2.511886e+18 0.000000e+00
1.133330e+03 3.388442e+18 0.000000e+00
1.133330e+03 4.570882e+18 0.000000e+00
1.133330e+03 6.165950e+18 0.000000e+00
1.133330e+03 8.317638e+18 0.000000e+00
1.133330e+03 1.122018e+19 0.000000e+00
1.133330e+03 1.513561e+19 0.000000e+00
1.133330e+03 2.041738e+19 0.000000e+00
1.133330e+03 2.754229e+19 0.000000e+00
1.133330e+03 3.715352e+19 0.000000e+00
1.133330e+03 5.011872e+19 0.000000e+00
1.133330e+03 6.760830e+19 0.000000e+00
1.133330e+03 9.120108e+19 0.000000e+00
1.133330e+03 1.230269e+20 0.000000e+00
1.133330e+03 1.659587e+20 0.000000e+00
1.133330e+03 2.238721e+20 0.000000e+00
1.133330e+03 3.019952e+20 0.000000e+00
1.133330e+03 4.073803e+20 0.000000e+00
1.133330e+03 5.495409e+20 0.000000e+00
1.133330e+03 7.413102e+20 0.000000e+00
